

Software Version	3.16.10



Experiment File Path:	C:\Users\bnext\Documents\Biotek\experiments\20260123-cytation3-pure-timecourse-gfp-OnePotPURE-Opt4.xpt
Protocol File Path:	C:\Users\bnext\Documents\Biotek\protocols\cytation3_protocols\cytation3-pure-timecourse-gfp.prt



Plate Number	Plate 1
Date	1/23/2026
Time	2:21:44 PM
Reader Type:	Cytation3
Reader Serial Number:	130723A
Reading Type	Reader

Procedure Details

Plate Type	Greiner 384 SV NoBind AutoMap
Well Selection	Runtime
Eject plate on completion	
Set Temperature	Setpoint 37°C, Gradient 0 °C
Start Kinetic	Runtime 6:00:00 (HH:MM:SS), Interval 0:05:00, 73 Reads
    Read	GFP-F-G35
	Fluorescence Endpoint
	Full Plate
	Filter Set 1 (2)
	    Excitation: 485/20,  Emission: 528/20
	    Mirror: Top 510 nm,  Gain: 35
	Light Source: Xenon Flash,  Lamp Energy: High
	Read Speed: Normal,  Delay: 100 msec,  Measurements/Data Point: 10
	Read Height: 11.5 mm
    Read	GFP-M-G100
	Fluorescence Endpoint
	Full Plate
	Filter Set 1
	    Excitation: 485,  Emission: 528
	    Optics: Top,  Gain: 75
	Light Source: Xenon Flash,  Lamp Energy: High
	Read Speed: Normal,  Delay: 100 msec,  Measurements/Data Point: 10
	Read Height: 10.75 mm
End Kinetic	
Set Temperature	Incubator off

Layout
	1	2	3	4	5	6	7	8	9	10	11	12	13	14	15	16	17	18	19	20	21	22	23	24
A																									Well ID
B																									Well ID
C																									Well ID
D																									Well ID
E																									Well ID
F																									Well ID
G																									Well ID
H														SPL1		SPL1		SPL1							Well ID
I																									Well ID
J														SPL2		SPL2		SPL2							Well ID
K																									Well ID
L														SPL3		SPL3		SPL3							Well ID
M																									Well ID
N																									Well ID
O																									Well ID
P																									Well ID

GFP-F-G35:485/20,528/20

Time	T° GFP-F-G35:485/20,528/20	H14	H16	H18	J14	J16	J18	L14	L16	L18
0:00:00	36.9	45	44	42	45	44	42	37	37	37
0:05:00	37.0	42	41	41	43	41	41	70	70	69
0:10:00	37.0	42	41	40	42	41	41	628	627	610
0:15:00	37.0	49	46	44	57	52	50	2224	2219	2161
0:20:00	37.0	330	300	267	383	352	317	4757	4813	4707
0:25:00	37.0	1115	1046	957	1161	1098	1021	7907	7974	7797
0:30:00	37.0	2197	2098	1953	2220	2120	2006	11256	11336	11161
0:35:00	37.0	3451	3310	3117	3448	3326	3138	14577	14720	14435
0:40:00	37.0	4811	4665	4374	4790	4621	4398	17700	17947	17589
0:45:00	37.0	6229	6039	5710	6156	5992	5735	20599	20961	20542
0:50:00	37.0	7708	7476	7088	7630	7401	7076	23366	23687	23319
0:55:00	37.0	9151	8913	8455	9026	8814	8466	25862	26241	25813
1:00:00	37.0	10652	10331	9814	10511	10248	9845	28100	28532	27990
1:05:00	37.0	12113	11841	11178	11898	11611	11220	30320	30626	30161
1:10:00	37.0	13559	13259	12624	13274	13037	12570	32169	32587	31993
1:15:00	37.0	14957	14565	13941	14708	14449	13962	33818	34341	33839
1:20:00	37.0	16266	15885	15176	15984	15800	15195	35387	35786	35278
1:25:00	37.0	17367	17089	16346	17135	16952	16367	36768	37281	36652
1:30:00	37.0	18547	18182	17469	18316	18038	17571	38146	38490	37934
1:35:00	37.0	19595	19239	18480	19375	19085	18571	39123	39481	39044
1:40:00	37.0	20566	20231	19459	20368	20048	19543	40245	40572	39956
1:45:00	37.0	21617	21227	20365	21357	20989	20465	41051	41493	40811
1:50:00	37.0	22575	22184	21296	22176	21939	21398	41905	42506	41690
1:55:00	37.0	23512	23104	22259	23061	22768	22260	42571	43007	42425
2:00:00	37.0	24381	23935	23151	23875	23662	23115	43304	43903	43252
2:05:00	37.0	25182	24833	24028	24678	24429	23796	43872	44393	43820
2:10:00	37.0	26152	25657	24753	25440	25192	24648	44391	45023	44264
2:15:00	37.0	26888	26397	25541	26177	25792	25306	44863	45490	44759
2:20:00	37.0	27562	27164	26329	26764	26652	26145	45182	45751	45258
2:25:00	37.0	28332	27945	26982	27528	27185	26548	45752	45980	45629
2:30:00	37.0	29183	28616	27680	28228	27741	27262	45748	46294	45651
2:35:00	37.0	29629	29160	28397	28639	28473	27834	46269	46662	45928
2:40:00	37.0	30306	29916	28945	29234	28897	28501	46366	46819	46413
2:45:00	37.0	30881	30515	29523	29781	29390	28995	46425	47280	46374
2:50:00	37.0	31459	30998	30135	30212	29881	29446	46619	47401	46650
2:55:00	37.0	31802	31595	30623	30573	30430	29731	46661	47258	46739
3:00:00	37.0	32405	31979	31188	31205	30851	30345	46879	47575	46972
3:05:00	37.0	32686	32377	31461	31621	31159	30674	47254	47498	46989
3:10:00	37.0	33109	32643	31663	31855	31637	31039	46987	47733	47209
3:15:00	37.0	33235	32805	32043	32238	32002	31449	46994	47680	47175
3:20:00	37.0	33394	33101	32166	32453	32274	31674	47218	47574	47168
3:25:00	37.0	33520	33208	32172	32795	32489	31902	47069	47401	47126
3:30:00	37.0	33509	33141	32336	32868	32602	32299	47085	47752	47139
3:35:00	37.0	33638	33442	32426	33133	32813	32472	47291	47649	47189
3:40:00	37.0	33645	33382	32370	33319	33021	32308	47077	47637	47037
3:45:00	37.0	33803	33362	32428	33493	32976	32503	47196	47685	47012
3:50:00	37.0	33721	33345	32527	33458	33206	32520	47056	47649	46909
3:55:00	37.0	33772	33360	32422	33397	33325	32658	47087	47479	46925
4:00:00	37.0	33904	33532	32641	33454	33360	32680	47005	47549	47006
4:05:00	37.0	33736	33388	32571	33789	33338	32816	47112	47540	47106
4:10:00	37.0	33804	33465	32566	33599	33245	32759	46968	47498	46923
4:15:00	37.0	33867	33744	32591	33703	33374	32935	46936	47492	46904
4:20:00	37.0	33922	33621	32613	33725	33359	32814	47089	47203	47150
4:25:00	37.0	34114	33560	32634	33722	33459	32833	47225	47625	47043
4:30:00	37.0	34148	33591	32687	33646	33426	33000	46824	47575	47056
4:35:00	37.0	33948	33535	32698	33633	33389	32949	46924	47310	47140
4:40:00	37.0	33938	33577	32870	33662	33484	32908	46857	47511	46991
4:45:00	37.0	33931	33725	32726	33750	33418	32868	46997	47588	47024
4:50:00	37.0	34038	33602	32606	33811	33493	32835	46995	47639	46957
4:55:00	37.0	34010	33779	32735	33667	33334	33020	46807	47362	47058
5:00:00	37.0	33995	33845	32620	33770	33394	32966	46763	47546	46926
5:05:00	37.0	34204	33760	32877	33665	33439	33021	46783	47338	46587
5:10:00	37.0	33978	33859	32814	33803	33557	33137	46833	47287	46924
5:15:00	37.0	34034	33804	32869	33829	33448	32973	46737	47367	46821
5:20:00	37.0	33984	33894	32839	33748	33547	32950	46820	47433	46642
5:25:00	37.0	33999	33739	32841	33711	33401	32885	46598	47336	46808
5:30:00	37.0	33934	33841	32795	33655	33421	32993	46800	47332	46681
5:35:00	37.0	34083	33670	32782	33615	33523	32927	46830	47317	46926
5:40:00	36.9	34101	33590	32850	33693	33592	33002	46813	47220	46917
5:45:00	37.0	34163	33715	32895	33783	33429	32890	46894	47273	46845
5:50:00	37.0	34176	33829	32848	33778	33539	33033	46838	47471	46777
5:55:00	37.0	34113	33847	32938	33895	33591	33130	46828	47317	47019
6:00:00	37.0	34168	33699	32929	33837	33480	32931	46802	47445	46983

GFP-M-G100:485,528

Time	T° GFP-M-G100:485,528	H14	H16	H18	J14	J16	J18	L14	L16	L18
0:00:12	37.0	21	11	17	18	22	10	13	6	15
0:05:12	37.0	22	14	12	13	18	13	21	24	19
0:10:12	37.0	13	15	14	12	11	16	240	244	233
0:15:12	37.0	19	16	10	20	19	17	841	848	810
0:20:12	37.0	129	113	107	138	135	111	1776	1818	1766
0:25:12	37.0	412	382	341	433	403	366	2926	3003	2949
0:30:12	37.0	809	761	708	812	780	744	4233	4317	4210
0:35:12	37.0	1282	1228	1135	1271	1211	1145	5529	5655	5557
0:40:12	37.0	1781	1704	1601	1762	1678	1631	6807	6962	6887
0:45:12	37.0	2300	2238	2102	2290	2222	2088	8101	8227	8149
0:50:12	37.0	2875	2794	2611	2794	2731	2617	9266	9479	9359
0:55:12	37.0	3413	3328	3142	3356	3264	3146	10397	10626	10440
1:00:12	37.0	4000	3890	3652	3899	3801	3663	11410	11707	11502
1:05:12	37.0	4566	4460	4202	4476	4372	4218	12396	12699	12467
1:10:12	37.0	5219	5034	4760	5054	4928	4766	13231	13567	13441
1:15:12	37.0	5717	5527	5302	5581	5458	5308	14098	14456	14254
1:20:12	37.0	6251	6079	5798	6115	6009	5809	14836	15234	15040
1:25:12	37.0	6727	6563	6273	6651	6486	6326	15587	16018	15724
1:30:12	37.0	7218	7013	6759	7084	6977	6754	16220	16732	16515
1:35:12	37.0	7638	7460	7158	7556	7354	7218	16788	17228	17028
1:40:12	37.0	8099	7897	7593	7934	7802	7553	17267	17802	17640
1:45:12	37.0	8537	8346	7990	8385	8209	7970	17858	18313	18082
1:50:12	37.0	8955	8697	8362	8755	8585	8353	18335	18818	18594
1:55:12	37.0	9371	9099	8760	9140	8961	8785	18728	19252	18934
2:00:12	37.0	9738	9521	9111	9500	9293	9114	19109	19548	19366
2:05:12	37.0	10117	9918	9478	9805	9707	9426	19407	19876	19691
2:10:12	37.0	10554	10263	9915	10188	9987	9807	19709	20212	20061
2:15:12	37.0	10887	10697	10287	10610	10382	10134	20014	20602	20276
2:20:12	37.0	11275	10955	10587	10782	10656	10434	20216	20726	20535
2:25:12	37.0	11566	11333	10922	11123	10937	10718	20366	20900	20698
2:30:12	37.0	11887	11641	11208	11410	11203	10969	20644	21177	20919
2:35:12	37.0	12254	11966	11551	11631	11500	11222	20762	21301	21127
2:40:12	37.0	12546	12286	11834	11837	11713	11451	20716	21411	21121
2:45:12	37.0	12839	12559	12034	12186	12010	11787	21043	21621	21420
2:50:12	36.9	13087	12835	12321	12449	12287	11979	21079	21605	21453
2:55:12	37.0	13329	13044	12617	12586	12480	12279	21130	21736	21592
3:00:12	37.0	13517	13305	12818	12802	12667	12431	21221	21826	21672
3:05:12	37.0	13719	13495	13009	13047	12823	12664	21307	21921	21634
3:10:12	37.0	13891	13644	13024	13215	12991	12767	21408	21940	21752
3:15:12	37.0	14000	13716	13332	13370	13242	12929	21277	21988	21638
3:20:12	37.0	14025	13803	13345	13536	13336	13066	21381	21933	21675
3:25:12	37.0	14207	13857	13297	13674	13416	13204	21382	21983	21716
3:30:12	37.0	14171	13897	13356	13757	13534	13372	21423	21976	21660
3:35:12	37.0	14183	13967	13482	13924	13697	13414	21378	22002	21739
3:40:12	37.0	14163	13856	13439	13904	13764	13480	21421	22023	21761
3:45:12	37.0	14203	14053	13436	13986	13798	13533	21406	22045	21784
3:50:12	37.0	14241	13975	13518	13997	13977	13536	21368	22019	21857
3:55:12	37.0	14225	13966	13465	14066	13859	13596	21393	22126	21761
4:00:12	37.0	14274	14083	13570	14066	13858	13562	21390	21989	21746
4:05:12	37.0	14275	14033	13455	14040	13830	13634	21355	21946	21774
4:10:12	37.0	14296	14042	13516	14088	13888	13640	21380	21985	21842
4:15:12	37.0	14371	14074	13597	14122	13928	13712	21366	21967	21807
4:20:12	37.0	14367	14132	13653	14184	13935	13663	21363	21878	21728
4:25:12	37.0	14352	14170	13610	14046	13886	13687	21314	22037	21692
4:30:12	36.9	14348	14131	13596	14116	13846	13707	21285	22013	21720
4:35:12	37.0	14389	14138	13580	14149	13995	13693	21422	22050	21753
4:40:12	37.0	14388	14121	13694	14144	13930	13720	21417	22047	21732
4:45:12	37.0	14496	14124	13611	14207	14046	13721	21392	22086	21701
4:50:12	37.0	14380	14215	13642	14213	14018	13769	21405	22051	21673
4:55:12	37.0	14407	14203	13681	14152	14031	13784	21384	22014	21679
5:00:12	37.0	14441	14132	13690	14120	13947	13750	21387	21892	21686
5:05:12	37.0	14387	14181	13669	14164	13974	13745	21290	21902	21741
5:10:12	37.0	14448	14201	13722	14151	14006	13818	21230	21857	21757
5:15:12	37.0	14465	14147	13674	14146	14013	13806	21399	21926	21719
5:20:12	37.0	14469	14196	13753	14175	13954	13754	21278	21998	21687
5:25:12	37.0	14471	14221	13803	14225	14089	13871	21334	21907	21701
5:30:12	37.0	14450	14249	13730	14228	14122	13811	21297	21965	21668
5:35:12	37.0	14484	14279	13731	14128	14031	13753	21225	21973	21686
5:40:12	37.0	14557	14259	13661	14196	14065	13823	21373	21919	21703
5:45:12	37.0	14473	14277	13796	14260	14091	13850	21387	22007	21624
5:50:12	37.0	14584	14210	13754	14323	14094	13779	21380	21961	21681
5:55:12	37.0	14557	14318	13748	14253	14131	13854	21321	22010	21576
6:00:12	37.0	14482	14248	13789	14293	14099	13827	21432	21893	21699

Results

Well ID	SPL1			SPL2			SPL3			
Well	H14	H16	H18	J14	J16	J18	L14	L16	L18	
Max V [GFP-F-G35:485/20,528/20]	294240.000	289880.000	275900.000	287300.000	281700.000	274840.000	651120.000	660280.000	648040.000	
R-Squared [GFP-F-G35:485/20,528/20]	1.000	1.000	1.000	1.000	1.000	1.000	1.000	1.000	1.000	
t at Max V [GFP-F-G35:485/20,528/20]	0:55:00	1:00:00	1:00:00	0:55:00	0:55:00	1:00:00	0:30:00	0:30:00	0:30:00	
Lagtime [GFP-F-G35:485/20,528/20]	0:23:59	0:24:24	0:24:31	0:23:41	0:23:52	0:24:22	0:12:48	0:12:51	0:12:52	
Max V [GFP-M-G100:485,528]	116820.000	112240.000	108560.000	112800.000	110300.000	108540.000	258480.000	261860.000	261540.000	
R-Squared [GFP-M-G100:485,528]	0.999	1.000	1.000	1.000	1.000	1.000	1.000	1.000	1.000	
t at Max V [GFP-M-G100:485,528]	1:00:12	1:00:12	1:05:12	1:00:12	1:05:12	1:05:12	0:35:12	0:35:12	0:35:12	
Lagtime [GFP-M-G100:485,528]	0:26:01	0:25:32	0:26:34	0:25:39	0:25:50	0:26:25	0:13:54	0:13:43	0:14:02	
Count	3			3			3			
Mean	0:26:02			0:25:58			0:13:53			
Std Dev	0:00:31			0:00:24			0:00:10			
CV (%)	1.962			1.539			1.168			

