

Software Version	3.16.10



Experiment File Path:	C:\Users\bnext\Documents\Biotek\experiments\20251124-cytation3-pure-timecourse-gfp-NIST-standards-PURExpress-plamGFP-deGFP.xpt
Protocol File Path:	C:\Users\bnext\Documents\Biotek\protocols\cytation3_protocols\cytation3-pure-timecourse-gfp.prt



Plate Number	Plate 1
Date	11/24/2025
Time	10:49:02 AM
Reader Type:	Cytation3
Reader Serial Number:	130723A
Reading Type	Reader

Procedure Details

Plate Type	Greiner 384 SV NoBind AutoMap (Use plate lid)
Well Selection	Runtime
Eject plate on completion	
Set Temperature	Setpoint 37°C, Gradient 0 °C
Start Kinetic	Runtime 6:00:00 (HH:MM:SS), Interval 0:05:00, 73 Reads
    Read	GFP-F-G35
	Fluorescence Endpoint
	Full Plate
	Filter Set 1 (2)
	    Excitation: 485/20,  Emission: 528/20
	    Mirror: Top 510 nm,  Gain: 35
	Light Source: Xenon Flash,  Lamp Energy: High
	Read Speed: Normal,  Delay: 100 msec,  Measurements/Data Point: 10
	Read Height: 11.5 mm
    Read	GFP-M-G100
	Fluorescence Endpoint
	Full Plate
	Filter Set 1
	    Excitation: 485,  Emission: 528
	    Optics: Top,  Gain: 75
	Light Source: Xenon Flash,  Lamp Energy: High
	Read Speed: Normal,  Delay: 100 msec,  Measurements/Data Point: 10
	Read Height: 10.75 mm
End Kinetic	
Set Temperature	Incubator off

Layout
	1	2	3	4	5	6	7	8	9	10	11	12	13	14	15	16	17	18	19	20	21	22	23	24
A																									Well ID
B		SPL1		SPL2		SPL3		SPL4		SPL5		SPL6		SPL7		SPL8		SPL9		SPL10		SPL11			Well ID
C																									Well ID
D		SPL1		SPL2				SPL4		SPL5		SPL6		SPL7		SPL8		SPL9		SPL10		SPL11			Well ID
E																									Well ID
F		SPL1		SPL2				SPL4		SPL5		SPL6		SPL7		SPL8		SPL9		SPL10		SPL11			Well ID
G																									Well ID
H								SPL12		SPL13		SPL14		SPL15		SPL16		SPL17		SPL18					Well ID
I																									Well ID
J								SPL12		SPL13		SPL14		SPL15		SPL16		SPL17		SPL18					Well ID
K																									Well ID
L								SPL12		SPL13		SPL14		SPL15		SPL16		SPL17		SPL18					Well ID
M																									Well ID
N																									Well ID
O																									Well ID
P																									Well ID

GFP-F-G35:485/20,528/20

Time	T° GFP-F-G35:485/20,528/20	B2	B4	B6	B8	B10	B12	B14	B16	B18	B20	B22	D2	D4	D8	D10	D12	D14	D16	D18	D20	D22	F2	F4	F8	F10	F12	F14	F16	F18	F20	F22	H8	H10	H12	H14	H16	H18	H20	J8	J10	J12	J14	J16	J18	J20	L8	L10	L12	L14	L16	L18	L20
0:00:00	23.3	44	149	42	49643	36297	24086	15992	10639	6901	24	21874	44	152	51132	35922	24329	15870	10623	6963	24	21756	45	164	51702	37731	25237	16407	10873	7196	27	21828	53466	38584	25966	16912	11251	7274	25	54602	39417	26835	17269	11510	7503	25	54819	39975	27219	17514	11989	7788	25
0:05:00	28.0	44	231	42	52716	38860	25733	17088	11439	7373	24	23175	45	234	54180	38158	26080	16951	11439	7510	25	23275	45	249	55002	40369	26775	17456	11626	7570	27	23056	55408	40551	27261	17878	11855	7713	25	56391	40905	28035	18021	11982	7817	26	56377	40962	27847	18049	12204	7967	25
0:10:00	31.5	44	364	41	52629	38595	25638	17058	11368	7351	24	22997	44	365	53667	38151	25990	16930	11394	7450	24	22952	44	386	54465	40018	26699	17292	11555	7514	27	22827	54914	40009	26963	17693	11750	7635	25	55958	40294	27643	17807	11785	7767	26	55623	40289	27560	17759	12083	7929	25
0:15:00	34.2	44	626	40	52111	38088	25335	16889	11284	7313	23	22850	43	626	53326	37836	25746	16792	11346	7354	24	22824	44	661	53883	39213	26414	17153	11435	7480	25	22454	54437	39573	26615	17464	11704	7618	24	55049	39785	27269	17764	11675	7669	25	54491	39845	27130	17675	11989	7881	24
0:20:00	36.3	43	1203	40	51957	38004	25244	16841	11199	7327	23	22683	43	1195	52840	37419	25453	16684	11255	7389	23	22545	44	1252	52526	38762	26173	17065	11432	7434	25	22198	52972	38733	26351	17299	11606	7533	24	53747	38785	26913	17381	11550	7649	24	53140	38799	26606	17389	11822	7763	25
0:25:00	37.0	45	2329	40	51553	37514	25092	16708	11141	7253	23	22419	44	2304	51792	36798	24924	16414	11146	7300	24	22230	45	2382	51569	37796	25497	16948	11315	7406	25	22042	51649	37533	25422	17025	11423	7478	24	52467	37650	26051	17206	11443	7586	24	52084	37887	25781	17180	11674	7755	24
0:30:00	37.0	52	4211	40	51247	37129	24776	16515	11065	7240	23	22280	52	4152	50631	35913	24067	15829	10885	7207	23	22015	53	4201	50402	36391	24609	16221	11099	7337	26	21945	50540	36611	24852	16595	11186	7358	24	51491	37007	25468	16806	11278	7485	24	51145	37249	25412	16815	11456	7626	24
0:35:00	37.0	90	6778	41	50934	36534	24314	16267	10823	7229	23	22201	92	6648	49767	35034	23517	15408	10587	7063	24	21881	95	6719	48919	35047	23779	15798	10793	7221	25	21581	49061	35373	24236	16252	10942	7301	24	50883	36501	24972	16664	11192	7408	24	50744	36966	25189	16715	11377	7578	24
0:40:00	37.0	265	9830	41	50947	36395	24228	16216	10826	7199	23	22181	279	9636	48765	34636	22903	15105	10453	6980	24	21826	287	9708	47580	34004	22987	15323	10525	7136	25	21622	47504	34378	23543	15887	10892	7239	24	50081	35970	24713	16443	11145	7381	24	50641	36637	24913	16616	11376	7566	25
0:45:00	37.0	819	13059	42	50502	36305	24063	16059	10774	7149	24	22117	855	12788	48284	34182	22525	14863	10332	6936	23	21692	878	12894	46501	33284	22382	14905	10327	7055	25	21493	46544	33591	22936	15630	10772	7211	25	49280	35607	24648	16456	11101	7348	24	50421	36605	24973	16543	11314	7547	24
0:50:00	37.0	2057	16226	43	50558	36324	24105	16086	10754	7109	24	22060	2133	15971	47715	33818	22187	14798	10292	6918	24	21653	2175	16066	45543	32419	21868	14681	10172	7037	26	21494	45410	32806	22495	15401	10719	7194	25	48839	35241	24621	16387	11137	7313	25	50512	36460	24929	16571	11344	7517	25
0:55:00	37.0	4196	19401	43	50435	36291	24141	16097	10780	7118	24	22110	4309	19103	47598	33487	22153	14745	10304	6910	24	21624	4390	19216	45068	31860	21533	14466	10144	7024	25	21394	44658	32335	22107	15274	10677	7210	25	48591	35130	24400	16394	11115	7328	25	50500	36509	24892	16561	11340	7508	25
1:00:00	36.9	7225	22405	45	50540	36274	24221	16174	10807	7116	24	21956	7402	22058	47215	33404	21832	14682	10281	6951	24	21670	7538	22185	44184	31454	21247	14234	10109	7024	25	21359	44114	31682	21879	15114	10689	7198	24	48604	35014	24462	16328	11104	7353	24	50509	36442	24749	16546	11323	7532	25
1:05:00	37.0	11033	25124	45	50660	36111	24195	16148	10800	7154	24	21890	11243	24728	47054	33305	21806	14625	10311	6961	24	21604	11443	24976	43764	31138	21062	14121	10077	7038	25	21371	43781	31457	21718	15061	10676	7192	24	48316	34968	24515	16344	11122	7327	25	50388	36517	24943	16541	11328	7461	24
1:10:00	37.0	15280	27787	46	50286	36264	24140	16187	10823	7116	24	21939	15612	27342	47083	33262	21813	14668	10371	6971	24	21469	15741	27706	43204	30810	20760	14100	10059	7059	25	21329	43277	31053	21575	15001	10680	7225	25	48137	34973	24527	16420	11126	7330	25	50691	36407	24956	16556	11339	7494	25
1:15:00	37.0	19754	30216	46	50518	36322	24252	16188	10800	7128	24	21811	20145	29854	47210	33179	21757	14650	10377	6950	24	21435	20417	30183	43078	30561	20676	13936	10027	7073	26	21276	42863	31013	21482	15004	10731	7202	25	47996	34779	24429	16389	11088	7331	24	50713	36408	24893	16543	11337	7459	25
1:20:00	37.0	24323	32429	47	50409	36157	24161	16183	10828	7145	24	21834	24624	31911	47170	33131	21766	14688	10406	6952	24	21401	24875	32280	42879	30475	20540	13983	10060	7069	26	21345	42512	30547	21351	14996	10727	7193	25	48079	34875	24377	16430	11121	7309	24	50666	36398	24887	16456	11274	7419	24
1:25:00	37.0	28652	34497	48	50446	36287	24163	16226	10822	7107	24	21849	28857	33957	47047	33160	21792	14755	10460	6978	24	21461	29348	34326	42538	30288	20353	13966	10084	7067	25	21233	42232	30431	21237	15005	10726	7194	24	47905	34933	24511	16433	11068	7290	25	50681	36558	24854	16496	11243	7422	25
1:30:00	37.0	32701	36139	48	50636	36371	24191	16176	10786	7101	24	21815	33012	35799	47381	33109	21866	14799	10538	7013	24	21388	33571	36256	42234	30076	20388	13952	10083	7079	25	21174	42127	30444	21225	15059	10717	7196	25	47936	34848	24607	16433	11079	7307	25	50774	36413	24846	16453	11333	7393	25
1:35:00	37.0	36523	37919	49	50399	36363	24194	16207	10816	7103	25	21766	36906	37378	47597	33405	21936	14902	10544	6973	24	21389	37378	38104	42416	30030	20395	13978	10152	7079	25	21227	41971	30318	21307	15085	10779	7184	25	48033	34972	24638	16459	11064	7283	25	50673	36648	24891	16535	11304	7428	25
1:40:00	36.9	40014	39588	49	50550	36383	24254	16250	10786	7081	24	21667	40575	39120	47574	33336	21961	14944	10603	6963	24	21436	41024	39512	42059	30023	20324	14006	10223	7067	26	21160	41767	30142	21234	15083	10799	7186	25	48303	35053	24653	16492	11064	7279	25	50574	36441	24983	16501	11270	7397	25
1:45:00	37.0	43230	40957	49	50250	36462	24217	16271	10798	7080	24	21774	43808	40336	47601	33585	22208	14989	10663	6963	24	21386	44469	41008	42108	30076	20435	14082	10262	7088	26	21155	41662	30144	21266	15167	10819	7187	25	48026	35125	24679	16465	11083	7263	25	50783	36461	24904	16454	11298	7361	25
1:50:00	37.0	46153	42180	50	50317	36429	24243	16210	10785	7051	24	21643	46841	41706	47797	33669	22238	15129	10646	7000	24	21320	47577	42239	42199	30127	20419	14110	10285	7071	26	21080	41716	30151	21313	15217	10874	7182	25	48160	35146	24633	16466	11052	7277	25	50720	36524	24881	16436	11297	7392	25
1:55:00	37.0	48744	43376	51	50383	36325	24058	16168	10755	7068	24	21668	49428	42845	47866	33722	22345	15279	10690	6996	25	21214	50174	43417	42097	29998	20426	14168	10336	7055	26	21025	41588	30228	21368	15267	10859	7205	25	48349	35248	24763	16417	11055	7256	25	50847	36482	24984	16476	11275	7386	25
2:00:00	37.0	51157	44455	51	50391	36273	24155	16210	10774	7051	24	21703	51713	44058	48255	33815	22469	15349	10663	6987	25	21291	52603	44509	42356	30186	20609	14235	10462	7107	26	21084	41601	30257	21419	15380	10886	7155	24	48184	35384	24754	16480	11025	7293	25	50761	36383	24925	16528	11239	7361	26
2:05:00	37.0	53364	45456	52	50303	36140	24171	16207	10739	7058	24	21600	54033	44942	48486	33921	22566	15341	10671	6957	24	21244	54618	45673	42315	30286	20589	14334	10497	7059	26	20943	41489	30150	21427	15362	10913	7156	25	48466	35224	24682	16379	11065	7244	25	50565	36492	24809	16468	11207	7360	25
2:10:00	37.0	55218	46212	52	50103	36219	24010	16158	10740	7057	24	21549	56098	45781	48590	34071	22727	15396	10662	6942	24	21233	56992	46451	42476	30344	20721	14414	10532	7037	26	20969	41482	30176	21537	15510	10896	7139	25	48613	35293	24763	16379	11025	7234	25	50599	36534	25014	16488	11220	7370	25
2:15:00	37.0	57024	47105	53	50142	36200	24085	16157	10714	7013	24	21606	57807	46359	48839	34248	22864	15450	10674	6943	25	21242	58717	47286	42642	30526	20875	14624	10594	7047	25	20985	41590	30355	21657	15595	10913	7167	25	48960	35699	24866	16518	11013	7269	25	50676	36471	24913	16511	11213	7344	25
2:20:00	37.0	58427	47841	53	50217	36193	24056	16179	10753	7029	24	21568	59598	47286	49173	34716	23153	15524	10679	6958	24	21164	60341	47991	42692	30650	21007	14689	10647	7023	26	21052	41716	30474	21811	15639	10959	7190	24	48981	35652	24866	16476	11049	7248	25	50743	36550	24969	16473	11183	7364	25
2:25:00	37.0	59921	48492	55	50215	36165	23978	16167	10729	7047	24	21595	60774	48037	49491	34677	23231	15585	10668	6945	24	21184	61743	48829	43167	30826	21177	14890	10688	7047	26	20997	41882	30508	21960	15749	10944	7172	25	49131	35810	24892	16485	11020	7268	24	50937	36531	24932	16471	11249	7338	25
2:30:00	37.0	61489	49024	55	50151	36180	24042	16161	10753	7039	24	21554	62323	48618	49601	34848	23366	15541	10690	6953	24	21201	63107	49349	43261	31141	21459	15128	10779	7043	26	20937	42058	30788	22057	15836	10954	7162	25	48987	35834	24948	16477	11049	7273	25	51009	36488	24912	16518	11198	7347	25
2:35:00	37.0	62461	49777	56	50105	36231	24038	16139	10719	7013	24	21591	63647	49222	49678	35140	23446	15622	10704	6938	24	21145	64381	50061	43403	31233	21629	15257	10731	7047	26	20953	42171	30848	22177	15931	10981	7165	25	49314	35988	24916	16492	11036	7258	25	50933	36678	24904	16475	11196	7370	25
2:40:00	37.0	63498	50169	57	50145	36229	24025	16155	10702	7034	24	21614	64638	49844	49860	35161	23589	15582	10725	6945	24	21189	65342	50434	43616	31605	21815	15462	10781	7009	25	20933	42383	31075	22286	16094	10936	7190	25	49644	36076	25009	16482	10997	7225	25	50869	36667	24985	16493	11164	7318	25
2:45:00	37.0	64324	50512	57	50044	36084	24065	16144	10702	7016	24	21502	65453	50056	50033	35241	23731	15575	10668	6938	24	21080	66363	50681	43937	31766	22000	15605	10765	7036	25	20917	42525	31133	22480	16034	10933	7139	25	49655	36029	24916	16424	11011	7231	25	51042	36472	24793	16473	11206	7344	25
2:50:00	37.0	65061	50646	57	50068	36214	24044	16113	10728	7003	24	21581	66187	50321	50016	35451	23662	15612	10677	6938	25	21146	67048	51033	44173	32049	22261	15662	10726	7050	26	20950	42664	31378	22712	16083	10967	7164	25	49807	36143	25013	16497	10953	7239	25	51006	36626	24917	16449	11121	7322	26
2:55:00	37.0	65892	51091	59	50028	36130	23970	16148	10710	7012	25	21494	67003	50582	50135	35498	23732	15614	10664	6929	25	21081	67807	51672	44655	32252	22519	15796	10773	7041	25	20936	42903	31554	22851	16121	10991	7148	25	49780	36241	24979	16451	10995	7229	25	51170	36603	25003	16482	11160	7298	26
3:00:00	37.0	66606	51282	60	50061	36028	24033	16078	10723	6996	25	21530	67702	50920	50147	35577	23848	15652	10673	6948	25	21190	68743	51807	44729	32591	22903	15868	10804	7029	26	20929	43268	31831	23067	16178	10929	7149	26	50034	36366	24985	16406	11000	7249	25	50972	36786	25010	16451	11166	7340	25
3:05:00	37.0	67252	51677	59	50147	36130	24023	16158	10722	7019	25	21532	68440	51092	50189	35659	23830	15668	10628	6944	25	21095	69039	51993	45019	32811	23127	15919	10749	7032	25	20901	43432	32076	23370	16214	10969	7158	25	50159	36377	25045	16455	10963	7225	25	51185	36662	24942	16427	11129	7303	26
3:10:00	37.0	67444	51737	61	50090	36104	23982	16060	10701	6999	25	21464	68952	51368	50179	35616	23870	15612	10698	6935	24	21163	69673	52267	45322	33141	23416	15959	10756	7014	25	20933	43667	32277	23521	16235	10952	7149	25	50473	36493	24963	16436	10971	7230	25	51006	36665	24887	16440	11146	7307	25
3:15:00	37.0	67984	51942	62	50100	36182	23981	16157	10697	7000	25	21471	69204	51444	50202	35858	23862	15659	10688	6927	25	21181	70484	52089	45568	33439	23611	16086	10765	7007	26	20919	43930	32570	23674	16333	10975	7183	25	50427	36615	25017	16433	10979	7210	25	50866	36651	25020	16495	11143	7317	25
3:20:00	37.0	68323	51857	62	50254	36040	24006	16160	10702	7015	25	21538	69561	51540	50138	35899	23779	15629	10664	6945	25	21124	70651	52307	45966	33711	23861	16037	10770	7007	26	20864	44311	32741	23812	16243	10933	7150	25	50785	36485	25037	16427	11014	7191	25	51339	36680	25017	16478	11158	7294	25
3:25:00	37.0	68935	51959	63	50277	36142	23959	16129	10681	7009	25	21424	69878	51529	50351	35801	23939	15658	10672	6946	25	21138	71097	52551	46533	34152	23894	16067	10784	7027	26	20818	44445	33019	23904	16283	10937	7152	25	50532	36352	25029	16422	10950	7224	25	51298	36713	24957	16453	11095	7314	26
3:30:00	37.0	68909	52007	64	50064	36155	23951	16107	10676	7004	24	21429	70265	51733	50426	35842	23900	15623	10637	6925	25	21059	71140	52319	46812	34459	23944	16095	10737	7001	25	20883	44894	33427	24032	16204	10933	7137	25	50603	36522	25006	16466	10957	7199	25	51119	36620	24997	16394	11124	7312	25
3:35:00	37.0	69306	51974	64	50037	35992	23915	16130	10697	6986	25	21500	70615	51587	50214	35852	23889	15614	10675	6912	25	21037	71728	52664	47127	34750	24106	16060	10755	6996	26	20842	45067	33585	24123	16282	10987	7150	25	50856	36429	25070	16374	10955	7223	25	50993	36578	24971	16452	11093	7277	25
3:40:00	37.0	69446	52144	66	49873	35942	23974	16082	10658	7002	25	21554	70644	51652	50300	35912	23922	15596	10607	6924	25	21059	71867	52627	47411	34928	24166	16125	10753	6981	25	20871	45579	34061	24256	16303	10916	7142	25	51009	36474	25037	16365	10949	7229	25	51195	36727	24928	16437	11108	7319	26
3:45:00	37.0	69808	52002	66	49996	35977	23936	16095	10667	6990	24	21444	71136	51783	50406	35875	23881	15586	10606	6929	24	21082	71957	52435	47734	35094	24320	16193	10761	6993	25	20809	45714	34429	24300	16335	10938	7155	25	50787	36502	25079	16389	10970	7217	25	51140	36721	24885	16414	11106	7264	26
3:50:00	37.0	69849	52005	67	50060	36073	23921	16030	10679	7000	24	21432	70769	51784	50396	35993	23872	15605	10600	6920	25	21078	72114	52337	48251	35391	24428	16122	10730	7024	26	20852	46361	34549	24278	16261	10940	7137	25	50845	36557	25012	16373	10897	7223	25	51152	36704	24953	16443	11078	7283	26
3:55:00	37.0	69892	51990	68	49977	36150	23900	16043	10641	6975	25	21393	70900	51736	50327	35804	23923	15552	10593	6918	24	21037	72111	52437	48528	35630	24417	16085	10760	6983	26	20855	46796	34991	24448	16312	10945	7113	25	51070	36363	25056	16383	10937	7228	25	51262	36658	24972	16418	11115	7290	26
4:00:00	37.0	70047	52012	69	50076	36017	23834	16091	10683	6986	24	21498	71451	51680	50458	35832	23924	15586	10625	6922	24	20983	72068	52426	48676	35685	24417	16118	10749	6999	25	20840	47017	35180	24398	16253	10925	7133	25	51200	36533	25091	16395	10937	7207	25	51180	36812	25022	16391	11110	7273	25
4:05:00	37.0	70342	52207	70	50103	36032	23935	16096	10666	6984	25	21520	71323	51642	50405	35883	23876	15603	10614	6893	24	21003	72501	52633	48997	35820	24503	16127	10763	6962	25	20814	47643	35469	24497	16249	10932	7124	25	50889	36529	25011	16363	10939	7208	25	51204	36753	24942	16476	11095	7277	25
4:10:00	37.0	70375	51962	71	50110	36035	23889	16062	10666	6975	24	21423	71841	51591	50445	35815	23981	15642	10637	6931	25	21065	72634	52602	49267	35973	24413	16173	10713	6979	25	20865	47940	35488	24514	16356	10957	7136	25	50971	36549	25051	16382	10947	7253	25	51427	36731	24963	16452	11097	7279	25
4:15:00	37.0	70631	52091	72	49970	36095	24007	16083	10685	6988	25	21438	71842	51578	50489	35901	23917	15602	10656	6922	25	21050	72840	52714	49322	35912	24599	16150	10747	7002	26	20927	48184	35693	24543	16335	10985	7133	25	50985	36546	25075	16388	10915	7238	26	51426	36699	24986	16400	11045	7285	25
4:20:00	37.0	70801	52179	74	49846	36018	23876	16076	10691	6982	24	21414	72140	51750	50497	35881	23858	15586	10618	6906	25	21090	73266	52591	49467	36036	24580	16183	10719	6987	26	20840	48636	35809	24498	16331	10919	7176	25	51084	36593	25059	16345	10939	7208	26	51360	36681	24902	16365	11096	7267	26
4:25:00	37.0	70958	51978	74	50064	36130	23926	16094	10658	6987	25	21483	71995	51839	50635	35922	24033	15624	10610	6906	25	21000	73052	52573	49568	36124	24596	16229	10744	6983	26	20888	48882	35854	24569	16297	10964	7149	25	51155	36528	25173	16404	10927	7254	25	51266	36805	25076	16384	11054	7289	25
4:30:00	37.0	70846	52123	75	50132	35996	23906	16093	10664	6969	25	21389	72256	51655	50444	35859	23843	15622	10638	6918	25	21064	73437	52619	49724	36391	24565	16234	10769	7002	26	20885	49190	36047	24564	16363	10983	7140	25	51246	36589	25190	16399	10934	7223	26	51496	36756	25059	16444	11090	7293	26
4:35:00	37.0	71122	52204	75	50029	36207	23947	16129	10666	6981	24	21470	72397	51644	50719	36067	23889	15599	10645	6923	24	21088	73620	52583	49932	36275	24678	16169	10705	6974	26	20909	49344	36156	24489	16343	11000	7160	25	51164	36664	25142	16358	10924	7243	26	51486	36834	24995	16449	11078	7313	25
4:40:00	37.0	71198	52263	77	50142	36171	24023	16133	10676	6999	25	21553	72352	51803	50643	35956	23955	15612	10676	6917	25	21093	73502	52805	50026	36313	24634	16234	10768	6998	26	20902	49520	36392	24615	16344	10960	7142	25	51384	36631	25123	16391	10975	7248	25	51483	36900	25069	16428	11136	7274	25
4:45:00	37.0	71148	52177	78	50005	36229	23934	16117	10693	6997	25	21480	72480	51765	50664	36085	23980	15594	10659	6902	24	21064	73931	52887	50209	36550	24653	16299	10716	6983	26	20874	49713	36336	24662	16325	11010	7150	26	51370	36651	25147	16390	10931	7228	25	51580	37000	24984	16473	11123	7314	26
4:50:00	37.0	71254	52277	79	50081	36289	24055	16144	10675	6987	25	21459	72743	51810	50598	35882	23977	15541	10656	6926	24	21066	73542	52522	50221	36414	24664	16231	10735	6988	25	20846	50001	36433	24704	16330	10962	7167	26	51470	36684	25144	16394	10942	7250	26	51469	36879	25007	16408	11076	7292	26
4:55:00	37.0	71653	52197	80	50033	36145	23936	16150	10682	6975	25	21495	72731	51697	50616	35953	23910	15560	10625	6907	25	21010	74099	52575	50192	36471	24674	16236	10692	6972	26	20931	49968	36441	24670	16383	10992	7172	26	51527	36760	25226	16365	10924	7222	25	51555	36813	25088	16412	11067	7288	25
5:00:00	37.0	71831	52264	81	50121	36195	24006	16108	10699	7006	25	21536	73141	51933	50678	36079	24032	15620	10673	6918	25	21044	73690	52611	50381	36478	24582	16276	10737	6964	26	20928	50143	36575	24685	16372	10998	7172	25	51600	36753	25173	16409	10944	7234	26	51468	36901	25121	16421	11046	7294	26
5:05:00	37.0	71624	52064	82	50124	36256	24003	16127	10680	6985	25	21490	73004	51767	50806	35904	23963	15543	10622	6927	25	21008	74044	52641	50447	36512	24673	16193	10720	6967	26	20894	50304	36562	24669	16360	11011	7193	26	51584	36726	25149	16403	10945	7244	26	51696	36871	25041	16415	11084	7279	26
5:10:00	37.0	71864	52339	83	50302	36231	23972	16105	10682	7010	25	21526	72780	51725	50588	36060	24066	15606	10638	6943	25	21103	74176	52927	50567	36524	24629	16251	10716	6981	26	20966	50436	36716	24797	16398	11020	7154	25	51580	36816	25258	16398	10958	7277	25	51711	36861	25092	16488	11076	7306	26
5:15:00	37.0	71558	52239	84	50264	36210	23997	16146	10686	6984	25	21538	72967	51687	50573	35929	23940	15598	10622	6931	25	21035	73972	52736	50562	36464	24672	16231	10763	6978	26	20936	50556	36591	24688	16396	10978	7170	26	51813	36874	25224	16372	10931	7235	25	51637	36936	25012	16431	11086	7289	26
5:20:00	37.0	71761	52254	84	50245	36185	24054	16105	10684	6989	25	21513	73152	51735	50669	35971	23956	15550	10645	6913	25	21008	74257	52666	50574	36445	24742	16277	10745	6965	26	20915	50746	36550	24710	16366	11002	7171	26	51493	36917	25236	16369	10891	7267	25	51735	36927	25101	16447	11110	7300	26
5:25:00	37.0	71808	52173	85	50195	36247	24091	16167	10646	7000	25	21577	73151	51863	50765	35907	24042	15638	10685	6937	25	21135	74266	52789	50774	36548	24667	16294	10740	6971	26	20976	50792	36706	24729	16382	11026	7173	26	51512	36793	25206	16424	10936	7239	26	51922	36988	25069	16451	11065	7289	26
5:30:00	37.0	72110	52373	86	50444	36260	23968	16174	10719	6988	26	21589	73480	51918	50783	36080	24031	15569	10628	6926	25	21181	74365	52763	50616	36470	24718	16278	10736	6946	26	20946	50716	36654	24782	16376	11028	7213	26	51479	36893	25152	16363	10915	7240	26	51895	36940	25147	16371	11049	7270	26
5:35:00	37.0	71950	52428	87	50098	36310	24020	16156	10681	7007	25	21603	73465	52105	50955	36080	24053	15578	10644	6955	25	21075	74483	52808	50684	36536	24649	16287	10724	6997	26	20930	50733	36767	24759	16409	11025	7170	26	51583	36840	25253	16325	10944	7260	25	52330	37066	25131	16484	11111	7294	26
5:40:00	37.0	72367	52603	88	50332	36516	24072	16171	10696	7009	25	21668	73374	51915	50893	36016	24020	15629	10707	6910	25	21087	74363	52757	50774	36612	24806	16280	10732	6976	26	21060	50876	36773	24745	16418	11018	7196	26	51605	37011	25199	16369	10932	7263	26	51893	37097	25168	16440	11120	7303	26
5:45:00	37.0	72510	52521	89	50356	36345	24045	16152	10717	7001	25	21612	73555	52023	50853	36071	24119	15626	10631	6939	25	21086	74320	52709	50583	36672	24702	16309	10710	6979	26	20987	50943	36938	24737	16453	11064	7185	25	51768	36958	25249	16334	10955	7268	26	51897	37139	25167	16540	11052	7304	26
5:50:00	37.0	72007	52283	90	50384	36321	23994	16166	10746	6993	25	21550	73599	51927	50910	36138	24049	15570	10668	6916	25	21098	74538	52701	50756	36510	24751	16379	10707	6960	26	20918	50992	36741	24713	16425	11071	7225	26	51720	37063	25258	16406	10916	7288	26	51799	37052	25195	16458	11100	7306	27
5:55:00	37.0	72510	52262	91	50443	36316	24080	16149	10686	7024	25	21692	73751	51818	50915	36032	23980	15679	10677	6967	25	21154	74732	52774	50918	36581	24785	16331	10690	6981	26	20905	51227	37062	24778	16410	11078	7189	26	51835	36874	25270	16424	10944	7277	26	52082	37243	25282	16484	11105	7294	26
6:00:00	37.0	72330	52401	92	50332	36381	24048	16199	10714	7025	25	21644	73923	52036	51003	36160	24061	15643	10710	6938	25	21086	74768	52865	50843	36734	24772	16326	10744	6995	26	20880	51322	36862	24871	16425	11074	7221	26	51445	36882	25303	16374	10964	7289	25	52065	37089	25264	16419	11108	7292	26

GFP-M-G100:485,528

Time	T° GFP-M-G100:485,528	B2	B4	B6	B8	B10	B12	B14	B16	B18	B20	B22	D2	D4	D8	D10	D12	D14	D16	D18	D20	D22	F2	F4	F8	F10	F12	F14	F16	F18	F20	F22	H8	H10	H12	H14	H16	H18	H20	J8	J10	J12	J14	J16	J18	J20	L8	L10	L12	L14	L16	L18	L20
0:01:48	25.1	10	57	8	25078	16601	10346	6510	4342	2765	8	7931	11	62	25980	16523	10536	6590	4313	2748	10	8108	17	70	26917	17462	10856	6776	4470	2841	9	7933	27338	17580	11011	6891	4455	2875	6	27115	17474	11302	6961	4515	2920	8	26953	17697	11229	6926	4651	2996	10
0:06:48	29.4	15	96	9	25218	16527	10360	6466	4332	2755	3	7859	11	90	25998	16586	10525	6532	4293	2725	5	7981	7	104	26939	17430	10869	6740	4455	2814	11	7772	27041	17424	10953	6866	4465	2832	5	26856	17334	11300	6930	4459	2885	8	26688	17463	11113	6832	4607	2937	6
0:11:48	32.5	12	154	13	24895	16331	10165	6351	4295	2732	4	7825	9	149	25633	16285	10393	6410	4247	2707	2	7872	13	167	26511	17163	10715	6672	4368	2785	6	7706	26653	17176	10780	6743	4400	2806	6	26352	17025	11102	6831	4395	2834	13	26265	17188	10890	6765	4533	2938	3
0:16:48	35.0	12	279	12	24453	16058	10065	6319	4263	2688	5	7663	12	278	25172	16037	10153	6345	4176	2660	7	7718	9	291	26171	16944	10560	6613	4357	2738	11	7538	26186	16929	10576	6683	4310	2753	3	25900	16723	10939	6679	4343	2807	6	25910	17002	10704	6615	4483	2893	6
0:21:48	36.9	10	547	10	24022	15867	9888	6304	4161	2671	9	7527	8	531	24812	15879	10050	6304	4147	2618	7	7581	9	567	25760	16738	10438	6511	4310	2740	5	7346	25691	16527	10424	6580	4260	2718	4	25490	16501	10713	6645	4305	2768	4	25544	16687	10565	6564	4432	2870	4
0:26:48	37.0	14	1035	9	23798	15643	9785	6173	4102	2612	7	7412	18	1024	23975	15380	9768	6137	4078	2559	4	7428	14	1082	24697	16018	10129	6382	4206	2682	4	7289	24281	15874	10030	6387	4144	2695	2	24228	15914	10436	6499	4206	2714	3	24759	16214	10286	6429	4329	2803	13
0:31:48	36.9	20	1819	13	23492	15353	9622	6049	4077	2590	6	7353	19	1780	23096	14914	9467	5937	3954	2553	3	7366	22	1859	22650	14849	9684	6130	4127	2637	8	7162	22269	14642	9496	6214	4101	2658	2	22447	14929	9980	6338	4097	2661	8	23804	15787	10051	6319	4258	2792	7
0:36:48	37.0	48	2841	11	23203	15240	9491	6021	4040	2583	8	7287	41	2780	22130	14416	9139	5821	3895	2497	4	7307	48	2847	21333	13867	8958	5828	4066	2611	4	7154	21088	13840	9019	6052	4022	2607	7	21871	14435	9697	6197	4048	2650	5	23013	15337	9868	6235	4207	2758	9
0:41:48	37.0	142	4004	16	23079	15068	9498	6011	4025	2587	7	7232	139	3917	21447	13975	8763	5598	3840	2513	0	7323	155	4031	20326	13145	8471	5528	3896	2583	6	7130	20050	13151	8684	5804	3927	2597	4	21349	14274	9611	6140	4084	2662	6	22839	15225	9831	6214	4205	2756	9
0:46:48	37.0	415	5287	10	23039	14994	9497	5993	4014	2572	8	7177	429	5169	21063	13646	8503	5487	3802	2479	10	7261	430	5295	19578	12605	8149	5286	3770	2586	4	7048	19120	12581	8354	5615	3920	2583	17	20921	14062	9467	6145	4052	2633	9	22872	15185	9741	6178	4213	2740	0
0:51:48	37.0	950	6518	11	22935	14952	9393	5940	3976	2573	2	7183	1012	6395	20689	13395	8237	5361	3715	2476	9	7236	1007	6527	18866	12008	7814	5175	3691	2527	12	7010	18623	12217	8120	5527	3870	2577	11	20716	13904	9453	6158	4032	2617	2	22833	15228	9794	6242	4214	2731	3
0:56:48	37.0	1861	7784	5	22826	14908	9379	5943	4012	2549	9	7220	1936	7651	20492	13198	8127	5342	3751	2484	3	7224	1914	7851	18245	11716	7634	5061	3641	2532	9	7026	17820	11908	7899	5434	3843	2566	14	20530	13795	9462	6122	4041	2634	4	22898	15217	9782	6233	4195	2738	3
1:01:48	37.0	3091	8958	17	22755	14820	9328	5927	3983	2547	7	7154	3201	8839	20194	13059	8063	5315	3711	2454	2	7219	3185	9046	17807	11462	7455	4945	3611	2540	4	7034	17404	11503	7785	5384	3840	2584	7	20256	13714	9421	6098	4041	2611	10	22799	15209	9736	6168	4198	2702	7
1:06:48	37.0	4608	10126	14	22756	14852	9316	5924	3996	2539	0	7179	4715	9959	20199	13006	8018	5265	3752	2464	6	7197	4723	10190	17425	11187	7285	4892	3601	2515	7	6981	17116	11349	7647	5373	3858	2555	11	20239	13741	9462	6164	4048	2633	3	22922	15227	9757	6145	4199	2730	3
1:11:48	37.0	6318	11246	11	22720	14837	9322	5864	3941	2527	0	7117	6472	10984	20148	12991	7993	5301	3734	2447	8	7171	6499	11369	17154	10993	7150	4809	3620	2552	4	6905	16711	11149	7564	5346	3857	2573	14	20101	13668	9417	6137	4061	2613	7	22970	15302	9725	6196	4198	2696	7
1:16:48	36.9	8184	12272	15	22726	14761	9292	5938	3986	2529	12	7075	8369	11994	20106	12952	7933	5289	3732	2464	8	7183	8340	12383	16888	10810	7098	4784	3597	2534	7	6976	16420	11014	7523	5342	3850	2569	3	20037	13693	9509	6148	4077	2618	7	23019	15251	9754	6153	4220	2726	10
1:21:48	37.0	10089	13322	16	22744	14840	9350	5874	3984	2532	10	7086	10292	13062	20142	12881	8014	5328	3755	2476	2	7167	10330	13440	16815	10793	7025	4758	3603	2542	9	6894	16238	10811	7449	5305	3880	2583	4	20169	13680	9520	6145	4037	2597	8	23014	15277	9715	6166	4185	2717	6
1:26:48	37.0	12055	14295	13	22746	14686	9263	5877	3923	2538	1	7065	12278	14030	20319	12958	8025	5376	3823	2484	7	7166	12197	14400	16610	10627	6984	4744	3650	2534	4	6951	16128	10743	7385	5305	3867	2579	7	20103	13719	9586	6158	4043	2608	9	23110	15259	9799	6167	4222	2690	16
1:31:48	37.0	13926	15121	12	22670	14773	9325	5867	3956	2522	5	7065	14185	14905	20308	12980	8108	5382	3808	2445	17	7125	14144	15234	16489	10550	6928	4739	3646	2528	1	6906	15969	10701	7404	5343	3871	2570	10	20164	13819	9617	6174	4014	2613	6	23130	15267	9761	6172	4195	2684	3
1:36:48	37.0	15755	16008	17	22692	14778	9273	5875	3947	2527	2	7098	15929	15638	20521	13058	8176	5425	3832	2477	6	7089	15957	16036	16370	10553	6915	4718	3664	2523	3	6884	15835	10610	7369	5388	3921	2576	8	20272	13873	9642	6135	4032	2598	4	23129	15233	9753	6199	4167	2706	7
1:41:48	37.0	17467	16725	15	22587	14740	9278	5849	3958	2524	4	7111	17750	16417	20634	13160	8178	5481	3853	2479	9	7129	17881	16807	16296	10473	6871	4716	3695	2519	2	6908	15706	10587	7415	5385	3892	2558	4	20288	13965	9677	6162	4045	2607	7	23125	15279	9732	6142	4169	2703	4
1:46:48	37.0	19227	17388	5	22554	14777	9283	5863	3947	2536	9	7082	19501	17133	20618	13262	8242	5494	3863	2465	7	7071	19507	17532	16378	10504	6915	4762	3734	2542	6	6914	15584	10516	7386	5414	3914	2558	5	20349	14042	9695	6136	4037	2593	10	23188	15223	9745	6129	4164	2694	7
1:51:48	37.0	20773	18093	15	22503	14663	9266	5820	3946	2522	6	7076	21148	17754	20847	13306	8298	5558	3833	2442	7	7104	21136	18277	16360	10471	6945	4788	3783	2513	13	6909	15549	10508	7409	5425	3918	2573	0	20562	14049	9692	6189	4013	2591	0	23237	15239	9736	6167	4183	2701	5
1:56:48	37.0	22308	18654	16	22528	14742	9259	5863	3969	2503	11	6997	22619	18349	20991	13340	8361	5611	3838	2442	7	7107	22703	18784	16353	10495	6956	4845	3805	2513	7	6876	15553	10550	7449	5478	3946	2556	9	20660	14136	9737	6179	4056	2606	9	23291	15209	9688	6172	4182	2704	5
2:01:48	36.9	23680	19167	16	22515	14688	9272	5881	3923	2504	10	7047	24049	18914	21105	13474	8466	5636	3850	2439	1	7070	24021	19359	16384	10498	6994	4843	3864	2537	13	6919	15549	10519	7500	5513	3961	2577	7	20725	14116	9712	6120	4004	2601	6	23095	15165	9706	6079	4147	2701	4
2:06:48	37.0	25025	19820	16	22476	14677	9216	5862	3921	2498	0	7021	25310	19398	21285	13535	8495	5653	3847	2462	3	7070	25446	19962	16399	10600	7031	4908	3870	2535	6	6881	15473	10640	7544	5558	3942	2552	7	20906	14267	9739	6120	4005	2597	3	23243	15191	9699	6118	4127	2673	8
2:11:48	37.0	26191	20241	13	22476	14758	9248	5824	3880	2501	1	7011	26572	19878	21419	13679	8639	5718	3860	2447	2	7163	26590	20427	16524	10652	7124	4950	3903	2516	7	6891	15519	10589	7541	5606	3931	2552	16	20932	14235	9810	6095	4013	2581	6	23207	15191	9731	6087	4163	2661	7
2:16:48	37.0	27370	20677	14	22476	14640	9245	5820	3912	2492	5	7033	27740	20300	21671	13778	8715	5718	3854	2428	5	7092	27712	20888	16651	10769	7162	5030	3905	2505	9	6901	15506	10570	7647	5639	3975	2572	3	21022	14457	9827	6151	4015	2612	20	23234	15163	9649	6110	4149	2673	10
2:21:48	37.0	28377	20984	16	22459	14746	9155	5821	3892	2502	7	7040	28665	20668	21759	13884	8802	5726	3852	2454	5	7089	28769	21234	16738	10895	7231	5110	3923	2505	5	6883	15598	10685	7689	5718	3915	2554	8	21159	14545	9743	6100	3984	2612	9	23066	15226	9721	6114	4133	2682	3
2:26:48	36.9	29267	21422	15	22568	14692	9189	5869	3923	2491	5	7003	29834	21118	22012	14018	8874	5753	3833	2430	7	7071	29860	21563	16931	10988	7303	5229	3949	2490	9	6814	15634	10719	7799	5787	3970	2570	7	21404	14489	9773	6134	4005	2585	7	23196	15307	9696	6135	4171	2681	6
2:31:48	37.0	30147	21685	19	22459	14636	9176	5793	3902	2496	2	7042	30614	21353	22120	14109	8999	5785	3871	2440	8	7037	30649	21859	17044	11104	7405	5324	3956	2510	0	6842	15748	10802	7892	5826	3937	2551	8	21443	14630	9796	6163	3982	2572	6	23251	15238	9607	6143	4109	2668	6
2:36:48	37.0	31031	21962	22	22474	14634	9221	5825	3908	2480	2	6992	31257	21548	22171	14153	9059	5770	3847	2424	13	7057	31461	22217	17114	11187	7499	5416	3967	2522	6	6879	15786	10894	7920	5901	3962	2542	9	21531	14635	9763	6155	3991	2567	7	23194	15162	9693	6091	4144	2661	5
2:41:48	37.0	31693	22205	13	22424	14630	9191	5834	3873	2485	9	6992	32105	21854	22336	14203	9034	5748	3844	2407	3	7022	32267	22427	17392	11396	7583	5552	3947	2514	9	6838	15870	10947	8032	5893	3938	2571	9	21701	14618	9811	6140	4007	2578	5	23261	15190	9663	6082	4116	2658	4
2:46:48	37.0	32297	22526	17	22291	14603	9165	5802	3877	2477	16	7006	32755	22028	22279	14364	9050	5754	3829	2454	9	7104	32661	22704	17634	11557	7748	5641	3972	2474	2	6878	16048	11098	8085	5922	3955	2538	5	22012	14713	9793	6142	3997	2570	7	23180	15112	9561	6076	4098	2655	10
2:51:48	37.0	32954	22671	16	22431	14686	9149	5809	3899	2466	5	7009	33400	22225	22418	14377	9108	5764	3814	2433	8	7090	33435	22985	17823	11733	7966	5704	3954	2509	4	6859	16089	11174	8208	5975	3935	2556	2	21972	14738	9801	6120	4005	2576	6	23145	15164	9626	6055	4134	2650	5
2:56:48	37.0	33448	22809	13	22262	14579	9096	5792	3874	2493	8	6962	33880	22429	22543	14436	9152	5720	3825	2417	5	7088	33929	23083	18010	11819	8115	5817	3933	2507	10	6856	16239	11330	8310	5943	3952	2545	11	22047	14746	9758	6145	3983	2581	10	23241	15123	9601	6080	4111	2658	9
3:01:48	37.0	33809	22952	24	22326	14542	9172	5829	3891	2458	5	6990	34247	22433	22503	14516	9168	5748	3792	2426	2	7034	34422	23240	18242	12094	8245	5873	3964	2522	1	6839	16354	11357	8448	6002	3934	2531	9	22155	14800	9811	6087	4002	2546	3	23110	15155	9613	6095	4115	2629	9
3:06:48	37.0	34363	22995	23	22237	14629	9153	5833	3883	2500	10	6952	34795	22580	22450	14538	9187	5751	3835	2417	4	7015	34879	23259	18406	12221	8432	5932	3985	2495	7	6809	16497	11496	8630	6038	3988	2544	1	22340	14746	9851	6078	3978	2589	8	23234	15196	9628	6074	4093	2629	2
3:11:48	37.0	34674	23082	19	22312	14524	9157	5830	3870	2471	2	6980	35113	22703	22578	14550	9151	5755	3848	2420	0	7010	35286	23378	18668	12464	8635	5962	3975	2517	2	6870	16609	11717	8746	6005	3937	2557	8	22374	14793	9805	6098	3937	2585	15	23182	15201	9622	6077	4097	2670	0
3:16:48	37.0	34986	23059	16	22298	14514	9181	5800	3896	2501	8	6966	35529	22781	22521	14551	9217	5781	3851	2424	7	7054	35562	23441	18963	12682	8837	5971	3937	2483	8	6773	16795	11790	8898	6054	3968	2552	10	22494	14825	9804	6145	3960	2548	5	23258	15116	9626	6079	4082	2626	2
3:21:48	37.0	35365	23121	16	22296	14536	9113	5816	3867	2475	8	6946	35739	22713	22486	14532	9164	5770	3843	2404	4	6994	35846	23522	19290	12921	8962	5971	3934	2508	7	6897	16959	11983	8955	6050	3972	2559	2	22526	14710	9781	6123	3964	2562	12	23128	15067	9587	6009	4103	2639	0
3:26:48	37.0	35471	23262	17	22271	14542	9145	5819	3895	2482	5	6965	36017	22838	22566	14551	9197	5780	3825	2429	0	7015	36022	23569	19490	13089	8993	5982	3997	2511	3	6775	17163	12114	9054	6039	3935	2585	9	22636	14793	9749	6118	3963	2579	8	23134	15119	9660	6072	4116	2641	6
3:31:48	37.0	35733	23245	23	22190	14493	9149	5842	3901	2468	7	6937	36205	22760	22581	14646	9189	5740	3822	2415	4	7037	36259	23481	19818	13394	9144	5977	3975	2502	11	6788	17423	12312	9094	6023	3946	2574	8	22583	14765	9776	6106	3989	2590	7	23154	15042	9562	6027	4097	2669	2
3:36:48	37.0	35848	23164	21	22147	14497	9144	5755	3886	2463	4	6973	36471	22896	22584	14588	9162	5771	3822	2429	4	7032	36629	23560	20057	13639	9236	6009	3987	2474	6	6839	17583	12493	9196	5992	3934	2540	6	22539	14819	9779	6107	3985	2588	6	23146	15094	9562	6040	4071	2633	7
3:41:48	36.9	36096	23121	25	22161	14573	9159	5810	3877	2470	6	6975	36494	22818	22459	14520	9174	5797	3829	2429	5	7053	36775	23581	20416	13706	9337	5999	3938	2498	6	6821	17955	12728	9321	6009	3918	2577	4	22554	14779	9767	6061	3976	2542	4	22932	15034	9609	6052	4058	2634	8
3:46:48	37.0	36220	23242	21	22212	14462	9157	5786	3872	2468	0	6936	36702	22922	22679	14677	9166	5757	3792	2424	6	6963	36707	23552	20729	13981	9349	5986	3925	2491	4	6798	18132	12983	9292	6015	3954	2557	0	22748	14759	9776	6077	3986	2568	1	23043	15039	9597	6065	4073	2622	5
3:51:48	37.0	36349	23241	22	22244	14511	9106	5818	3891	2457	7	7009	36914	22841	22563	14599	9169	5738	3821	2370	6	7025	37172	23592	20984	14208	9404	6006	3993	2508	4	6792	18521	13242	9283	6019	3944	2543	3	22785	14784	9803	6069	3970	2548	0	23144	14999	9608	6048	4084	2631	6
3:56:48	37.0	36462	23096	20	22214	14513	9149	5765	3854	2458	7	6970	36939	22820	22560	14590	9147	5726	3837	2424	8	6977	37275	23481	21293	14296	9469	6017	3987	2486	13	6768	18785	13525	9385	6007	3945	2539	6	22770	14793	9750	6098	3990	2573	4	23102	15084	9609	6027	4085	2652	0
4:01:48	37.0	36612	23204	20	22238	14560	9148	5788	3879	2454	0	6916	37228	22778	22490	14542	9177	5718	3817	2421	6	7001	37196	23586	21468	14362	9478	6011	3972	2480	3	6794	19138	13687	9343	6005	3933	2548	2	22731	14751	9743	6069	3982	2563	16	23094	15007	9571	6027	4107	2641	16
4:06:48	37.0	36700	23200	22	22105	14494	9147	5801	3860	2475	3	6953	37192	22832	22609	14611	9171	5720	3788	2425	8	6983	37406	23546	21757	14498	9491	6037	3961	2458	10	6811	19434	13887	9394	5990	3950	2545	15	22666	14840	9739	6055	3977	2554	9	23122	15092	9547	6008	4078	2643	1
4:11:48	37.0	36734	23116	20	22119	14527	9117	5768	3867	2476	11	6910	37226	22764	22655	14593	9180	5679	3812	2432	13	6944	37422	23530	21912	14625	9455	5953	3946	2474	11	6791	19854	14028	9436	6063	3940	2543	7	22826	14752	9756	6063	3953	2583	10	23150	15047	9554	6061	4072	2630	7
4:16:48	37.0	36910	23160	20	22118	14536	9112	5769	3832	2461	0	6957	37319	22908	22613	14607	9123	5771	3806	2435	7	6949	37439	23534	22172	14729	9475	5993	3951	2467	8	6764	20145	14080	9417	6019	3937	2524	3	22654	14692	9742	6075	3958	2565	10	23091	15063	9591	6040	4045	2627	5
4:21:48	37.0	36900	23087	32	22030	14485	9121	5770	3851	2463	9	6901	37342	22757	22547	14550	9086	5688	3794	2420	2	7001	37465	23531	22289	14669	9493	6003	3943	2492	7	6771	20461	14241	9375	6016	3941	2533	10	22693	14777	9705	6049	3945	2554	11	23027	14994	9563	5995	4087	2593	5
4:26:48	37.0	36974	23151	28	22101	14464	9119	5749	3859	2441	15	6958	37460	22674	22502	14534	9125	5770	3780	2393	9	6947	37731	23530	22371	14817	9488	6024	3939	2471	4	6729	20740	14404	9386	6021	3939	2532	5	22725	14686	9754	6098	3906	2533	7	23078	15060	9504	6002	4063	2650	13
4:31:48	37.0	37024	23112	21	22037	14499	9114	5753	3867	2448	4	6941	37528	22785	22513	14557	9109	5704	3807	2402	15	7004	37589	23445	22406	14688	9436	5976	3922	2449	1	6751	21164	14419	9370	6018	3939	2533	2	22738	14760	9670	6022	3956	2553	10	22985	15027	9515	6018	4030	2639	8
4:36:48	37.0	37136	23042	19	22154	14524	9105	5753	3848	2448	8	6891	37651	22716	22526	14583	9153	5712	3802	2390	0	6947	37772	23421	22699	14901	9495	6042	3948	2491	8	6699	21334	14484	9402	6038	3921	2532	4	22740	14733	9667	6060	3963	2561	2	23056	15006	9538	5995	4036	2621	5
4:41:48	37.0	37215	23110	21	22072	14507	9134	5774	3836	2441	14	6924	37760	22752	22487	14541	9102	5715	3772	2407	7	6950	37811	23602	22750	14765	9422	6015	3914	2471	7	6762	21481	14621	9365	5983	3934	2550	2	22678	14772	9695	6049	3929	2574	11	23098	15035	9552	5998	4059	2630	12
4:46:48	37.0	37160	23171	17	22018	14443	9033	5749	3826	2440	2	6928	37516	22699	22504	14557	9202	5682	3790	2378	6	6997	37847	23403	22849	14852	9516	6023	3916	2444	7	6819	21734	14672	9377	5973	3906	2522	4	22841	14748	9730	6067	3937	2564	3	23099	14955	9558	6010	4050	2639	7
4:51:48	37.0	37243	23077	23	22104	14528	9114	5790	3824	2450	7	6956	37623	22754	22573	14564	9149	5689	3807	2382	8	6964	37857	23461	22885	14907	9490	6030	3907	2471	12	6751	21969	14642	9395	6011	3956	2529	2	22875	14794	9665	6010	3938	2546	4	23110	15020	9478	6017	4021	2632	6
4:56:48	37.0	37343	23027	25	22118	14471	9088	5779	3827	2454	3	6911	37742	22731	22513	14540	9122	5705	3782	2377	9	6959	38078	23348	22948	14871	9454	6007	3933	2456	3	6816	22117	14743	9436	5997	3905	2524	8	22727	14631	9740	6022	3920	2533	5	23036	14910	9501	6001	4042	2624	8
5:01:48	37.0	37315	23008	31	22130	14474	9109	5756	3849	2419	9	6953	37735	22701	22467	14476	9113	5675	3794	2410	3	7007	37938	23482	22946	14866	9515	5991	3903	2458	8	6805	22283	14780	9394	5997	3908	2536	9	22614	14659	9680	6014	3938	2562	6	23146	14981	9495	6013	4072	2628	6
5:06:48	37.0	37340	23066	27	21984	14417	9035	5731	3834	2462	5	6906	37797	22685	22519	14521	9117	5699	3772	2423	4	6950	38085	23337	23024	14859	9434	5986	3926	2468	5	6751	22452	14755	9364	6027	3905	2527	9	22761	14775	9738	6043	3906	2540	11	23031	14995	9563	5957	4041	2605	0
5:11:48	37.0	37414	22970	30	22011	14479	9035	5756	3844	2430	7	6896	37719	22595	22421	14544	9146	5691	3756	2386	5	6951	38099	23373	23020	14856	9419	6023	3920	2463	9	6778	22613	14801	9423	5971	3887	2544	5	22693	14783	9686	6006	3948	2554	8	23005	14991	9577	6004	4025	2621	10
5:16:48	37.0	37316	22966	30	22075	14455	9048	5764	3856	2437	3	6905	37888	22633	22536	14584	9134	5728	3804	2407	8	6949	38032	23394	23063	14922	9466	5972	3929	2431	6	6753	22656	14773	9396	5963	3939	2524	8	22691	14740	9696	6047	3907	2548	3	22979	15024	9515	5968	4047	2613	9
5:21:48	37.0	37401	22952	27	22031	14428	9069	5739	3813	2438	0	6899	37957	22612	22525	14492	9176	5686	3808	2406	4	6944	38050	23309	22985	14847	9474	6015	3912	2461	3	6767	22629	14811	9382	5997	3901	2511	3	22720	14703	9714	6004	3959	2540	8	23016	14960	9520	5980	4050	2594	9
5:26:48	37.0	37393	22969	27	22036	14450	9037	5726	3843	2428	7	6860	37960	22664	22458	14470	9156	5681	3745	2392	14	6972	38088	23347	23082	14903	9442	5987	3899	2436	5	6746	22771	14816	9399	5993	3913	2499	0	22718	14678	9702	6009	3926	2571	3	23048	14951	9519	5988	4071	2605	3
5:31:48	37.0	37498	22937	30	22027	14369	9027	5697	3834	2435	10	6943	37870	22427	22458	14464	9101	5709	3778	2378	11	6961	38160	23268	22990	14914	9490	6006	3906	2438	4	6782	22864	14838	9392	5999	3895	2503	8	22797	14713	9682	5983	3903	2552	6	23075	14958	9510	5978	4014	2611	16
5:36:48	37.0	37359	22919	25	21952	14404	9044	5724	3828	2412	6	6901	37939	22442	22418	14431	9089	5695	3758	2393	5	6957	38119	23277	23002	14854	9426	5984	3933	2448	7	6761	22758	14774	9320	6011	3894	2522	14	22680	14695	9738	6044	3885	2538	13	23004	14884	9549	6007	4018	2603	7
5:41:48	37.0	37495	22901	31	21956	14391	9032	5696	3798	2427	8	6875	37886	22623	22497	14474	9111	5678	3798	2390	10	6936	38035	23278	23068	14948	9523	6022	3910	2466	6	6750	22817	14850	9364	5983	3892	2538	3	22704	14690	9671	5986	3910	2537	10	22989	14986	9529	6019	4026	2618	7
5:46:48	37.0	37527	22796	34	21885	14407	9038	5754	3833	2421	6	6940	37875	22464	22328	14483	9083	5683	3772	2371	6	6904	38054	23292	23001	14840	9428	5997	3876	2464	10	6701	22891	14856	9470	5986	3893	2531	7	22637	14641	9676	6034	3905	2539	6	22940	14926	9438	5952	4028	2591	2
5:51:48	37.0	37465	22928	30	21960	14391	8992	5740	3820	2443	11	6890	37983	22529	22477	14420	9085	5694	3798	2388	0	6901	38128	23194	22953	14839	9432	5986	3899	2443	3	6823	22905	14822	9381	5976	3943	2520	0	22654	14670	9692	6011	3913	2549	3	23099	14992	9463	5980	4041	2628	15
5:56:48	37.0	37378	22904	34	21853	14307	9028	5729	3852	2435	4	6923	38039	22562	22465	14430	9113	5685	3772	2379	2	6930	38205	23260	23090	14897	9431	6039	3899	2454	6	6787	22920	14857	9350	6007	3923	2529	5	22718	14622	9675	6012	3920	2566	1	22948	14927	9511	5957	4019	2631	8
6:01:48	37.0	37407	22902	28	21982	14410	8984	5726	3814	2460	5	6885	38027	22523	22390	14425	9054	5702	3780	2379	8	6949	37966	23260	23063	14859	9438	6026	3881	2453	9	6726	22910	14840	9390	5983	3902	2506	6	22667	14576	9688	5958	3894	2544	9	23051	14903	9431	5951	4044	2604	0

Results

Well ID	SPL1			SPL2			SPL3	SPL4			SPL5			SPL6			SPL7			SPL8			SPL9			SPL10			SPL11			SPL12			SPL13			SPL14			SPL15			SPL16			SPL17			SPL18			
Well	B2	D2	F2	B4	D4	F4	B6	B8	D8	F8	B10	D10	F10	B12	D12	F12	B14	D14	F14	B16	D16	F16	B18	D18	F18	B20	D20	F20	B22	D22	F22	H8	J8	L8	H10	J10	L10	H12	J12	L12	H14	J14	L14	H16	J16	L16	H18	J18	L18	H20	J20	L20	
Max V [GFP-F-G35:485/20,528/20]	885620.000	884800.000	898880.000	632840.000	624900.000	627040.000	240.000	80460.000	-203500.000	-259160.000	-83960.000	-146600.000	-245300.000	-56200.000	-130140.000	-161800.000	-33820.000	-83280.000	-99680.000	-21280.000	-43260.000	-51000.000	15840.000	-21100.000	-18060.000	-60.000	-60.000	-120.000	-37300.000	-49940.000	-53140.000	-270480.000	-230320.000	-227260.000	-217400.000	-174180.000	-160760.000	-136040.000	-120780.000	-112900.000	-71940.000	-55500.000	-49880.000	-38880.000	-26260.000	-31800.000	-16180.000	-14280.000	-14860.000	-60.000	-120.000	60.000	
R-Squared [GFP-F-G35:485/20,528/20]	1.000	1.000	1.000	1.000	1.000	1.000	0.973	0.257	0.998	0.997	0.976	0.987	0.996	0.960	0.995	0.999	0.972	0.987	0.987	0.908	0.978	0.995	0.400	0.992	0.995	0.750	0.450	0.750	0.989	0.985	0.983	0.996	0.996	0.996	0.998	0.986	0.987	0.993	0.987	0.986	0.997	0.978	0.980	0.976	0.985	0.986	0.988	0.972	0.952	0.750	0.900	0.750	
t at Max V [GFP-F-G35:485/20,528/20]	1:15:00	1:15:00	1:15:00	0:45:00	0:45:00	0:45:00	4:10:00	0:10:00	0:30:00	0:35:00	0:30:00	0:30:00	0:30:00	0:30:00	0:30:00	0:30:00	0:30:00	0:30:00	0:35:00	0:30:00	0:30:00	0:35:00	0:10:00	0:30:00	0:35:00	0:10:00	0:10:00	0:10:00	0:20:00	0:15:00	0:15:00	0:30:00	0:20:00	0:20:00	0:30:00	0:20:00	0:20:00	0:30:00	0:25:00	0:20:00	0:30:00	0:25:00	0:25:00	0:25:00	0:15:00	0:25:00	0:25:00	0:30:00	0:25:00	0:10:00	0:15:00	2:45:00	
Lagtime [GFP-F-G35:485/20,528/20]	0:52:41	0:52:20	0:52:24	0:24:36	0:24:43	0:24:39	2:08:20	?????	0:28:10	0:24:33	0:39:45	0:30:16	0:24:34	0:41:28	0:28:48	0:26:07	0:45:18	0:30:13	0:29:18	0:47:28	0:35:36	0:33:48	?????	0:40:39	0:36:56	0:03:20	0:10:00	0:03:20	0:40:42	0:35:12	0:27:56	0:18:28	0:16:16	0:13:18	0:20:32	0:15:54	0:12:47	0:22:01	0:19:12	0:13:37	0:25:49	0:23:07	0:17:48	0:28:07	0:21:44	0:14:46	0:36:21	0:29:55	0:20:28	0:03:20	0:15:00	2:38:20	
Max V [GFP-M-G100:485,528]	381740.000	386700.000	382940.000	248100.000	246520.000	251720.000	-620.000	-74260.000	-171500.000	-284640.000	-47420.000	-95440.000	-186740.000	-28540.000	-64680.000	-103460.000	-17020.000	-34560.000	-55880.000	-11940.000	-15940.000	-23360.000	-7200.000	-8420.000	-7700.000	580.000	-420.000	540.000	-23900.000	-27940.000	-28160.000	-289500.000	-222020.000	-150680.000	-175720.000	-122960.000	-84600.000	-89820.000	-64340.000	-43720.000	-39080.000	-26240.000	-21560.000	-15760.000	-15960.000	-14520.000	-7860.000	-8780.000	-7640.000	640.000	640.000	500.000	
R-Squared [GFP-M-G100:485,528]	1.000	1.000	1.000	1.000	1.000	1.000	0.783	0.990	0.998	0.986	0.995	1.000	0.993	0.989	0.998	0.985	0.941	0.993	0.998	0.959	0.978	0.980	0.976	0.973	0.969	0.606	0.571	0.776	0.974	0.997	0.978	0.986	0.961	0.981	0.989	0.962	0.996	0.995	0.986	0.991	0.995	0.978	0.985	0.984	0.976	0.986	0.992	0.983	0.964	0.651	0.589	0.643	
t at Max V [GFP-M-G100:485,528]	1:21:48	1:21:48	1:21:48	0:51:48	0:51:48	0:51:48	4:31:48	0:16:48	0:31:48	0:31:48	0:21:48	0:31:48	0:31:48	0:16:48	0:36:48	0:36:48	0:26:48	0:31:48	0:36:48	0:21:48	0:31:48	0:41:48	0:21:48	0:16:48	0:31:48	2:36:48	5:41:48	1:41:48	0:21:48	0:16:48	0:11:48	0:31:48	0:26:48	0:26:48	0:31:48	0:26:48	0:26:48	0:31:48	0:26:48	0:26:48	0:36:48	0:31:48	0:21:48	0:31:48	0:26:48	0:26:48	0:11:48	0:21:48	0:21:48	0:36:48	3:56:48	1:16:48	
Lagtime [GFP-M-G100:485,528]	0:55:20	0:55:09	0:54:57	0:25:47	0:26:07	0:26:03	4:57:56	0:08:43	0:14:58	0:17:52	0:05:58	0:14:56	0:18:12	0:06:31	0:15:02	0:19:37	0:07:01	0:13:33	0:19:53	0:08:12	0:11:05	0:17:50	0:07:01	0:05:37	0:07:04	2:38:52	5:33:14	1:49:12	0:06:07	0:02:46	0:02:04	0:15:42	0:12:43	0:11:13	0:16:01	0:12:23	0:09:10	0:15:19	0:12:03	0:05:26	0:14:22	0:09:02	0:03:49	0:08:41	0:07:03	0:05:30	0:01:51	0:03:13	0:03:54	0:36:11	3:59:56	1:20:00	
Count	3			3			1	3			3			3			3			3			3			3			3			3			3			3			3			3			3			3			
Mean	0:55:08			0:25:59			4:57:56	0:13:51			0:13:02			0:13:43			0:13:29			0:12:22			0:06:34			3:20:26			0:03:39			0:13:13			0:12:31			0:10:56			0:09:05			0:07:05			0:02:59			1:58:42			
Std Dev	0:00:12			0:00:10			?????	0:04:41			0:06:20			0:06:39			0:06:26			0:04:56			0:00:50			1:57:39			0:02:10			0:02:17			0:03:26			0:05:02			0:05:16			0:01:36			0:01:02			1:47:15			
CV (%)	0.353			0.666			?????	33.814			48.585			48.430			47.741			39.946			12.619			58.699			59.149			17.237			27.370			46.066			58.095			22.494			34.843			90.351			



Software Version	3.16.10



Experiment File Path:	C:\Users\bnext\Documents\Biotek\experiments\20251124-cytation3-pure-timecourse-gfp-NIST-standards-PURExpress-plamGFP-deGFP.xpt
Protocol File Path:	C:\Users\bnext\Documents\Biotek\protocols\cytation3_protocols\cytation3-pure-timecourse-gfp.prt



Plate Number	Plate 1
Date	11/24/2025
Time	10:49:02 AM
Reader Type:	Cytation3
Reader Serial Number:	130723A
Reading Type	Reader

Procedure Details

Plate Type	Greiner 384 SV NoBind AutoMap (Use plate lid)
Well Selection	Runtime
Eject plate on completion	
Set Temperature	Setpoint 37°C, Gradient 0 °C
Start Kinetic	Runtime 6:00:00 (HH:MM:SS), Interval 0:05:00, 73 Reads
    Read	GFP-F-G35
	Fluorescence Endpoint
	Full Plate
	Filter Set 1 (2)
	    Excitation: 485/20,  Emission: 528/20
	    Mirror: Top 510 nm,  Gain: 35
	Light Source: Xenon Flash,  Lamp Energy: High
	Read Speed: Normal,  Delay: 100 msec,  Measurements/Data Point: 10
	Read Height: 11.5 mm
    Read	GFP-M-G100
	Fluorescence Endpoint
	Full Plate
	Filter Set 1
	    Excitation: 485,  Emission: 528
	    Optics: Top,  Gain: 75
	Light Source: Xenon Flash,  Lamp Energy: High
	Read Speed: Normal,  Delay: 100 msec,  Measurements/Data Point: 10
	Read Height: 10.75 mm
End Kinetic	
Set Temperature	Incubator off

Layout
	1	2	3	4	5	6	7	8	9	10	11	12	13	14	15	16	17	18	19	20	21	22	23	24
A																									Well ID
B		SPL1		SPL2		SPL3		SPL4		SPL5		SPL6		SPL7		SPL8		SPL9		SPL10		SPL11			Well ID
C																									Well ID
D		SPL1		SPL2				SPL4		SPL5		SPL6		SPL7		SPL8		SPL9		SPL10		SPL11			Well ID
E																									Well ID
F		SPL1		SPL2				SPL4		SPL5		SPL6		SPL7		SPL8		SPL9		SPL10		SPL11			Well ID
G																									Well ID
H								SPL12		SPL13		SPL14		SPL15		SPL16		SPL17		SPL18					Well ID
I																									Well ID
J								SPL12		SPL13		SPL14		SPL15		SPL16		SPL17		SPL18					Well ID
K																									Well ID
L								SPL12		SPL13		SPL14		SPL15		SPL16		SPL17		SPL18					Well ID
M																									Well ID
N																									Well ID
O																									Well ID
P																									Well ID

GFP-F-G35:485/20,528/20

Time	T° GFP-F-G35:485/20,528/20	B2	B4	B6	B8	B10	B12	B14	B16	B18	B20	B22	D2	D4	D8	D10	D12	D14	D16	D18	D20	D22	F2	F4	F8	F10	F12	F14	F16	F18	F20	F22	H8	H10	H12	H14	H16	H18	H20	J8	J10	J12	J14	J16	J18	J20	L8	L10	L12	L14	L16	L18	L20
0:00:00	23.3	44	149	42	49643	36297	24086	15992	10639	6901	24	21874	44	152	51132	35922	24329	15870	10623	6963	24	21756	45	164	51702	37731	25237	16407	10873	7196	27	21828	53466	38584	25966	16912	11251	7274	25	54602	39417	26835	17269	11510	7503	25	54819	39975	27219	17514	11989	7788	25
0:05:00	28.0	44	231	42	52716	38860	25733	17088	11439	7373	24	23175	45	234	54180	38158	26080	16951	11439	7510	25	23275	45	249	55002	40369	26775	17456	11626	7570	27	23056	55408	40551	27261	17878	11855	7713	25	56391	40905	28035	18021	11982	7817	26	56377	40962	27847	18049	12204	7967	25
0:10:00	31.5	44	364	41	52629	38595	25638	17058	11368	7351	24	22997	44	365	53667	38151	25990	16930	11394	7450	24	22952	44	386	54465	40018	26699	17292	11555	7514	27	22827	54914	40009	26963	17693	11750	7635	25	55958	40294	27643	17807	11785	7767	26	55623	40289	27560	17759	12083	7929	25
0:15:00	34.2	44	626	40	52111	38088	25335	16889	11284	7313	23	22850	43	626	53326	37836	25746	16792	11346	7354	24	22824	44	661	53883	39213	26414	17153	11435	7480	25	22454	54437	39573	26615	17464	11704	7618	24	55049	39785	27269	17764	11675	7669	25	54491	39845	27130	17675	11989	7881	24
0:20:00	36.3	43	1203	40	51957	38004	25244	16841	11199	7327	23	22683	43	1195	52840	37419	25453	16684	11255	7389	23	22545	44	1252	52526	38762	26173	17065	11432	7434	25	22198	52972	38733	26351	17299	11606	7533	24	53747	38785	26913	17381	11550	7649	24	53140	38799	26606	17389	11822	7763	25
0:25:00	37.0	45	2329	40	51553	37514	25092	16708	11141	7253	23	22419	44	2304	51792	36798	24924	16414	11146	7300	24	22230	45	2382	51569	37796	25497	16948	11315	7406	25	22042	51649	37533	25422	17025	11423	7478	24	52467	37650	26051	17206	11443	7586	24	52084	37887	25781	17180	11674	7755	24
0:30:00	37.0	52	4211	40	51247	37129	24776	16515	11065	7240	23	22280	52	4152	50631	35913	24067	15829	10885	7207	23	22015	53	4201	50402	36391	24609	16221	11099	7337	26	21945	50540	36611	24852	16595	11186	7358	24	51491	37007	25468	16806	11278	7485	24	51145	37249	25412	16815	11456	7626	24
0:35:00	37.0	90	6778	41	50934	36534	24314	16267	10823	7229	23	22201	92	6648	49767	35034	23517	15408	10587	7063	24	21881	95	6719	48919	35047	23779	15798	10793	7221	25	21581	49061	35373	24236	16252	10942	7301	24	50883	36501	24972	16664	11192	7408	24	50744	36966	25189	16715	11377	7578	24
0:40:00	37.0	265	9830	41	50947	36395	24228	16216	10826	7199	23	22181	279	9636	48765	34636	22903	15105	10453	6980	24	21826	287	9708	47580	34004	22987	15323	10525	7136	25	21622	47504	34378	23543	15887	10892	7239	24	50081	35970	24713	16443	11145	7381	24	50641	36637	24913	16616	11376	7566	25
0:45:00	37.0	819	13059	42	50502	36305	24063	16059	10774	7149	24	22117	855	12788	48284	34182	22525	14863	10332	6936	23	21692	878	12894	46501	33284	22382	14905	10327	7055	25	21493	46544	33591	22936	15630	10772	7211	25	49280	35607	24648	16456	11101	7348	24	50421	36605	24973	16543	11314	7547	24
0:50:00	37.0	2057	16226	43	50558	36324	24105	16086	10754	7109	24	22060	2133	15971	47715	33818	22187	14798	10292	6918	24	21653	2175	16066	45543	32419	21868	14681	10172	7037	26	21494	45410	32806	22495	15401	10719	7194	25	48839	35241	24621	16387	11137	7313	25	50512	36460	24929	16571	11344	7517	25
0:55:00	37.0	4196	19401	43	50435	36291	24141	16097	10780	7118	24	22110	4309	19103	47598	33487	22153	14745	10304	6910	24	21624	4390	19216	45068	31860	21533	14466	10144	7024	25	21394	44658	32335	22107	15274	10677	7210	25	48591	35130	24400	16394	11115	7328	25	50500	36509	24892	16561	11340	7508	25
1:00:00	36.9	7225	22405	45	50540	36274	24221	16174	10807	7116	24	21956	7402	22058	47215	33404	21832	14682	10281	6951	24	21670	7538	22185	44184	31454	21247	14234	10109	7024	25	21359	44114	31682	21879	15114	10689	7198	24	48604	35014	24462	16328	11104	7353	24	50509	36442	24749	16546	11323	7532	25
1:05:00	37.0	11033	25124	45	50660	36111	24195	16148	10800	7154	24	21890	11243	24728	47054	33305	21806	14625	10311	6961	24	21604	11443	24976	43764	31138	21062	14121	10077	7038	25	21371	43781	31457	21718	15061	10676	7192	24	48316	34968	24515	16344	11122	7327	25	50388	36517	24943	16541	11328	7461	24
1:10:00	37.0	15280	27787	46	50286	36264	24140	16187	10823	7116	24	21939	15612	27342	47083	33262	21813	14668	10371	6971	24	21469	15741	27706	43204	30810	20760	14100	10059	7059	25	21329	43277	31053	21575	15001	10680	7225	25	48137	34973	24527	16420	11126	7330	25	50691	36407	24956	16556	11339	7494	25
1:15:00	37.0	19754	30216	46	50518	36322	24252	16188	10800	7128	24	21811	20145	29854	47210	33179	21757	14650	10377	6950	24	21435	20417	30183	43078	30561	20676	13936	10027	7073	26	21276	42863	31013	21482	15004	10731	7202	25	47996	34779	24429	16389	11088	7331	24	50713	36408	24893	16543	11337	7459	25
1:20:00	37.0	24323	32429	47	50409	36157	24161	16183	10828	7145	24	21834	24624	31911	47170	33131	21766	14688	10406	6952	24	21401	24875	32280	42879	30475	20540	13983	10060	7069	26	21345	42512	30547	21351	14996	10727	7193	25	48079	34875	24377	16430	11121	7309	24	50666	36398	24887	16456	11274	7419	24
1:25:00	37.0	28652	34497	48	50446	36287	24163	16226	10822	7107	24	21849	28857	33957	47047	33160	21792	14755	10460	6978	24	21461	29348	34326	42538	30288	20353	13966	10084	7067	25	21233	42232	30431	21237	15005	10726	7194	24	47905	34933	24511	16433	11068	7290	25	50681	36558	24854	16496	11243	7422	25
1:30:00	37.0	32701	36139	48	50636	36371	24191	16176	10786	7101	24	21815	33012	35799	47381	33109	21866	14799	10538	7013	24	21388	33571	36256	42234	30076	20388	13952	10083	7079	25	21174	42127	30444	21225	15059	10717	7196	25	47936	34848	24607	16433	11079	7307	25	50774	36413	24846	16453	11333	7393	25
1:35:00	37.0	36523	37919	49	50399	36363	24194	16207	10816	7103	25	21766	36906	37378	47597	33405	21936	14902	10544	6973	24	21389	37378	38104	42416	30030	20395	13978	10152	7079	25	21227	41971	30318	21307	15085	10779	7184	25	48033	34972	24638	16459	11064	7283	25	50673	36648	24891	16535	11304	7428	25
1:40:00	36.9	40014	39588	49	50550	36383	24254	16250	10786	7081	24	21667	40575	39120	47574	33336	21961	14944	10603	6963	24	21436	41024	39512	42059	30023	20324	14006	10223	7067	26	21160	41767	30142	21234	15083	10799	7186	25	48303	35053	24653	16492	11064	7279	25	50574	36441	24983	16501	11270	7397	25
1:45:00	37.0	43230	40957	49	50250	36462	24217	16271	10798	7080	24	21774	43808	40336	47601	33585	22208	14989	10663	6963	24	21386	44469	41008	42108	30076	20435	14082	10262	7088	26	21155	41662	30144	21266	15167	10819	7187	25	48026	35125	24679	16465	11083	7263	25	50783	36461	24904	16454	11298	7361	25
1:50:00	37.0	46153	42180	50	50317	36429	24243	16210	10785	7051	24	21643	46841	41706	47797	33669	22238	15129	10646	7000	24	21320	47577	42239	42199	30127	20419	14110	10285	7071	26	21080	41716	30151	21313	15217	10874	7182	25	48160	35146	24633	16466	11052	7277	25	50720	36524	24881	16436	11297	7392	25
1:55:00	37.0	48744	43376	51	50383	36325	24058	16168	10755	7068	24	21668	49428	42845	47866	33722	22345	15279	10690	6996	25	21214	50174	43417	42097	29998	20426	14168	10336	7055	26	21025	41588	30228	21368	15267	10859	7205	25	48349	35248	24763	16417	11055	7256	25	50847	36482	24984	16476	11275	7386	25
2:00:00	37.0	51157	44455	51	50391	36273	24155	16210	10774	7051	24	21703	51713	44058	48255	33815	22469	15349	10663	6987	25	21291	52603	44509	42356	30186	20609	14235	10462	7107	26	21084	41601	30257	21419	15380	10886	7155	24	48184	35384	24754	16480	11025	7293	25	50761	36383	24925	16528	11239	7361	26
2:05:00	37.0	53364	45456	52	50303	36140	24171	16207	10739	7058	24	21600	54033	44942	48486	33921	22566	15341	10671	6957	24	21244	54618	45673	42315	30286	20589	14334	10497	7059	26	20943	41489	30150	21427	15362	10913	7156	25	48466	35224	24682	16379	11065	7244	25	50565	36492	24809	16468	11207	7360	25
2:10:00	37.0	55218	46212	52	50103	36219	24010	16158	10740	7057	24	21549	56098	45781	48590	34071	22727	15396	10662	6942	24	21233	56992	46451	42476	30344	20721	14414	10532	7037	26	20969	41482	30176	21537	15510	10896	7139	25	48613	35293	24763	16379	11025	7234	25	50599	36534	25014	16488	11220	7370	25
2:15:00	37.0	57024	47105	53	50142	36200	24085	16157	10714	7013	24	21606	57807	46359	48839	34248	22864	15450	10674	6943	25	21242	58717	47286	42642	30526	20875	14624	10594	7047	25	20985	41590	30355	21657	15595	10913	7167	25	48960	35699	24866	16518	11013	7269	25	50676	36471	24913	16511	11213	7344	25
2:20:00	37.0	58427	47841	53	50217	36193	24056	16179	10753	7029	24	21568	59598	47286	49173	34716	23153	15524	10679	6958	24	21164	60341	47991	42692	30650	21007	14689	10647	7023	26	21052	41716	30474	21811	15639	10959	7190	24	48981	35652	24866	16476	11049	7248	25	50743	36550	24969	16473	11183	7364	25
2:25:00	37.0	59921	48492	55	50215	36165	23978	16167	10729	7047	24	21595	60774	48037	49491	34677	23231	15585	10668	6945	24	21184	61743	48829	43167	30826	21177	14890	10688	7047	26	20997	41882	30508	21960	15749	10944	7172	25	49131	35810	24892	16485	11020	7268	24	50937	36531	24932	16471	11249	7338	25
2:30:00	37.0	61489	49024	55	50151	36180	24042	16161	10753	7039	24	21554	62323	48618	49601	34848	23366	15541	10690	6953	24	21201	63107	49349	43261	31141	21459	15128	10779	7043	26	20937	42058	30788	22057	15836	10954	7162	25	48987	35834	24948	16477	11049	7273	25	51009	36488	24912	16518	11198	7347	25
2:35:00	37.0	62461	49777	56	50105	36231	24038	16139	10719	7013	24	21591	63647	49222	49678	35140	23446	15622	10704	6938	24	21145	64381	50061	43403	31233	21629	15257	10731	7047	26	20953	42171	30848	22177	15931	10981	7165	25	49314	35988	24916	16492	11036	7258	25	50933	36678	24904	16475	11196	7370	25
2:40:00	37.0	63498	50169	57	50145	36229	24025	16155	10702	7034	24	21614	64638	49844	49860	35161	23589	15582	10725	6945	24	21189	65342	50434	43616	31605	21815	15462	10781	7009	25	20933	42383	31075	22286	16094	10936	7190	25	49644	36076	25009	16482	10997	7225	25	50869	36667	24985	16493	11164	7318	25
2:45:00	37.0	64324	50512	57	50044	36084	24065	16144	10702	7016	24	21502	65453	50056	50033	35241	23731	15575	10668	6938	24	21080	66363	50681	43937	31766	22000	15605	10765	7036	25	20917	42525	31133	22480	16034	10933	7139	25	49655	36029	24916	16424	11011	7231	25	51042	36472	24793	16473	11206	7344	25
2:50:00	37.0	65061	50646	57	50068	36214	24044	16113	10728	7003	24	21581	66187	50321	50016	35451	23662	15612	10677	6938	25	21146	67048	51033	44173	32049	22261	15662	10726	7050	26	20950	42664	31378	22712	16083	10967	7164	25	49807	36143	25013	16497	10953	7239	25	51006	36626	24917	16449	11121	7322	26
2:55:00	37.0	65892	51091	59	50028	36130	23970	16148	10710	7012	25	21494	67003	50582	50135	35498	23732	15614	10664	6929	25	21081	67807	51672	44655	32252	22519	15796	10773	7041	25	20936	42903	31554	22851	16121	10991	7148	25	49780	36241	24979	16451	10995	7229	25	51170	36603	25003	16482	11160	7298	26
3:00:00	37.0	66606	51282	60	50061	36028	24033	16078	10723	6996	25	21530	67702	50920	50147	35577	23848	15652	10673	6948	25	21190	68743	51807	44729	32591	22903	15868	10804	7029	26	20929	43268	31831	23067	16178	10929	7149	26	50034	36366	24985	16406	11000	7249	25	50972	36786	25010	16451	11166	7340	25
3:05:00	37.0	67252	51677	59	50147	36130	24023	16158	10722	7019	25	21532	68440	51092	50189	35659	23830	15668	10628	6944	25	21095	69039	51993	45019	32811	23127	15919	10749	7032	25	20901	43432	32076	23370	16214	10969	7158	25	50159	36377	25045	16455	10963	7225	25	51185	36662	24942	16427	11129	7303	26
3:10:00	37.0	67444	51737	61	50090	36104	23982	16060	10701	6999	25	21464	68952	51368	50179	35616	23870	15612	10698	6935	24	21163	69673	52267	45322	33141	23416	15959	10756	7014	25	20933	43667	32277	23521	16235	10952	7149	25	50473	36493	24963	16436	10971	7230	25	51006	36665	24887	16440	11146	7307	25
3:15:00	37.0	67984	51942	62	50100	36182	23981	16157	10697	7000	25	21471	69204	51444	50202	35858	23862	15659	10688	6927	25	21181	70484	52089	45568	33439	23611	16086	10765	7007	26	20919	43930	32570	23674	16333	10975	7183	25	50427	36615	25017	16433	10979	7210	25	50866	36651	25020	16495	11143	7317	25
3:20:00	37.0	68323	51857	62	50254	36040	24006	16160	10702	7015	25	21538	69561	51540	50138	35899	23779	15629	10664	6945	25	21124	70651	52307	45966	33711	23861	16037	10770	7007	26	20864	44311	32741	23812	16243	10933	7150	25	50785	36485	25037	16427	11014	7191	25	51339	36680	25017	16478	11158	7294	25
3:25:00	37.0	68935	51959	63	50277	36142	23959	16129	10681	7009	25	21424	69878	51529	50351	35801	23939	15658	10672	6946	25	21138	71097	52551	46533	34152	23894	16067	10784	7027	26	20818	44445	33019	23904	16283	10937	7152	25	50532	36352	25029	16422	10950	7224	25	51298	36713	24957	16453	11095	7314	26
3:30:00	37.0	68909	52007	64	50064	36155	23951	16107	10676	7004	24	21429	70265	51733	50426	35842	23900	15623	10637	6925	25	21059	71140	52319	46812	34459	23944	16095	10737	7001	25	20883	44894	33427	24032	16204	10933	7137	25	50603	36522	25006	16466	10957	7199	25	51119	36620	24997	16394	11124	7312	25
3:35:00	37.0	69306	51974	64	50037	35992	23915	16130	10697	6986	25	21500	70615	51587	50214	35852	23889	15614	10675	6912	25	21037	71728	52664	47127	34750	24106	16060	10755	6996	26	20842	45067	33585	24123	16282	10987	7150	25	50856	36429	25070	16374	10955	7223	25	50993	36578	24971	16452	11093	7277	25
3:40:00	37.0	69446	52144	66	49873	35942	23974	16082	10658	7002	25	21554	70644	51652	50300	35912	23922	15596	10607	6924	25	21059	71867	52627	47411	34928	24166	16125	10753	6981	25	20871	45579	34061	24256	16303	10916	7142	25	51009	36474	25037	16365	10949	7229	25	51195	36727	24928	16437	11108	7319	26
3:45:00	37.0	69808	52002	66	49996	35977	23936	16095	10667	6990	24	21444	71136	51783	50406	35875	23881	15586	10606	6929	24	21082	71957	52435	47734	35094	24320	16193	10761	6993	25	20809	45714	34429	24300	16335	10938	7155	25	50787	36502	25079	16389	10970	7217	25	51140	36721	24885	16414	11106	7264	26
3:50:00	37.0	69849	52005	67	50060	36073	23921	16030	10679	7000	24	21432	70769	51784	50396	35993	23872	15605	10600	6920	25	21078	72114	52337	48251	35391	24428	16122	10730	7024	26	20852	46361	34549	24278	16261	10940	7137	25	50845	36557	25012	16373	10897	7223	25	51152	36704	24953	16443	11078	7283	26
3:55:00	37.0	69892	51990	68	49977	36150	23900	16043	10641	6975	25	21393	70900	51736	50327	35804	23923	15552	10593	6918	24	21037	72111	52437	48528	35630	24417	16085	10760	6983	26	20855	46796	34991	24448	16312	10945	7113	25	51070	36363	25056	16383	10937	7228	25	51262	36658	24972	16418	11115	7290	26
4:00:00	37.0	70047	52012	69	50076	36017	23834	16091	10683	6986	24	21498	71451	51680	50458	35832	23924	15586	10625	6922	24	20983	72068	52426	48676	35685	24417	16118	10749	6999	25	20840	47017	35180	24398	16253	10925	7133	25	51200	36533	25091	16395	10937	7207	25	51180	36812	25022	16391	11110	7273	25
4:05:00	37.0	70342	52207	70	50103	36032	23935	16096	10666	6984	25	21520	71323	51642	50405	35883	23876	15603	10614	6893	24	21003	72501	52633	48997	35820	24503	16127	10763	6962	25	20814	47643	35469	24497	16249	10932	7124	25	50889	36529	25011	16363	10939	7208	25	51204	36753	24942	16476	11095	7277	25
4:10:00	37.0	70375	51962	71	50110	36035	23889	16062	10666	6975	24	21423	71841	51591	50445	35815	23981	15642	10637	6931	25	21065	72634	52602	49267	35973	24413	16173	10713	6979	25	20865	47940	35488	24514	16356	10957	7136	25	50971	36549	25051	16382	10947	7253	25	51427	36731	24963	16452	11097	7279	25
4:15:00	37.0	70631	52091	72	49970	36095	24007	16083	10685	6988	25	21438	71842	51578	50489	35901	23917	15602	10656	6922	25	21050	72840	52714	49322	35912	24599	16150	10747	7002	26	20927	48184	35693	24543	16335	10985	7133	25	50985	36546	25075	16388	10915	7238	26	51426	36699	24986	16400	11045	7285	25
4:20:00	37.0	70801	52179	74	49846	36018	23876	16076	10691	6982	24	21414	72140	51750	50497	35881	23858	15586	10618	6906	25	21090	73266	52591	49467	36036	24580	16183	10719	6987	26	20840	48636	35809	24498	16331	10919	7176	25	51084	36593	25059	16345	10939	7208	26	51360	36681	24902	16365	11096	7267	26
4:25:00	37.0	70958	51978	74	50064	36130	23926	16094	10658	6987	25	21483	71995	51839	50635	35922	24033	15624	10610	6906	25	21000	73052	52573	49568	36124	24596	16229	10744	6983	26	20888	48882	35854	24569	16297	10964	7149	25	51155	36528	25173	16404	10927	7254	25	51266	36805	25076	16384	11054	7289	25
4:30:00	37.0	70846	52123	75	50132	35996	23906	16093	10664	6969	25	21389	72256	51655	50444	35859	23843	15622	10638	6918	25	21064	73437	52619	49724	36391	24565	16234	10769	7002	26	20885	49190	36047	24564	16363	10983	7140	25	51246	36589	25190	16399	10934	7223	26	51496	36756	25059	16444	11090	7293	26
4:35:00	37.0	71122	52204	75	50029	36207	23947	16129	10666	6981	24	21470	72397	51644	50719	36067	23889	15599	10645	6923	24	21088	73620	52583	49932	36275	24678	16169	10705	6974	26	20909	49344	36156	24489	16343	11000	7160	25	51164	36664	25142	16358	10924	7243	26	51486	36834	24995	16449	11078	7313	25
4:40:00	37.0	71198	52263	77	50142	36171	24023	16133	10676	6999	25	21553	72352	51803	50643	35956	23955	15612	10676	6917	25	21093	73502	52805	50026	36313	24634	16234	10768	6998	26	20902	49520	36392	24615	16344	10960	7142	25	51384	36631	25123	16391	10975	7248	25	51483	36900	25069	16428	11136	7274	25
4:45:00	37.0	71148	52177	78	50005	36229	23934	16117	10693	6997	25	21480	72480	51765	50664	36085	23980	15594	10659	6902	24	21064	73931	52887	50209	36550	24653	16299	10716	6983	26	20874	49713	36336	24662	16325	11010	7150	26	51370	36651	25147	16390	10931	7228	25	51580	37000	24984	16473	11123	7314	26
4:50:00	37.0	71254	52277	79	50081	36289	24055	16144	10675	6987	25	21459	72743	51810	50598	35882	23977	15541	10656	6926	24	21066	73542	52522	50221	36414	24664	16231	10735	6988	25	20846	50001	36433	24704	16330	10962	7167	26	51470	36684	25144	16394	10942	7250	26	51469	36879	25007	16408	11076	7292	26
4:55:00	37.0	71653	52197	80	50033	36145	23936	16150	10682	6975	25	21495	72731	51697	50616	35953	23910	15560	10625	6907	25	21010	74099	52575	50192	36471	24674	16236	10692	6972	26	20931	49968	36441	24670	16383	10992	7172	26	51527	36760	25226	16365	10924	7222	25	51555	36813	25088	16412	11067	7288	25
5:00:00	37.0	71831	52264	81	50121	36195	24006	16108	10699	7006	25	21536	73141	51933	50678	36079	24032	15620	10673	6918	25	21044	73690	52611	50381	36478	24582	16276	10737	6964	26	20928	50143	36575	24685	16372	10998	7172	25	51600	36753	25173	16409	10944	7234	26	51468	36901	25121	16421	11046	7294	26
5:05:00	37.0	71624	52064	82	50124	36256	24003	16127	10680	6985	25	21490	73004	51767	50806	35904	23963	15543	10622	6927	25	21008	74044	52641	50447	36512	24673	16193	10720	6967	26	20894	50304	36562	24669	16360	11011	7193	26	51584	36726	25149	16403	10945	7244	26	51696	36871	25041	16415	11084	7279	26
5:10:00	37.0	71864	52339	83	50302	36231	23972	16105	10682	7010	25	21526	72780	51725	50588	36060	24066	15606	10638	6943	25	21103	74176	52927	50567	36524	24629	16251	10716	6981	26	20966	50436	36716	24797	16398	11020	7154	25	51580	36816	25258	16398	10958	7277	25	51711	36861	25092	16488	11076	7306	26
5:15:00	37.0	71558	52239	84	50264	36210	23997	16146	10686	6984	25	21538	72967	51687	50573	35929	23940	15598	10622	6931	25	21035	73972	52736	50562	36464	24672	16231	10763	6978	26	20936	50556	36591	24688	16396	10978	7170	26	51813	36874	25224	16372	10931	7235	25	51637	36936	25012	16431	11086	7289	26
5:20:00	37.0	71761	52254	84	50245	36185	24054	16105	10684	6989	25	21513	73152	51735	50669	35971	23956	15550	10645	6913	25	21008	74257	52666	50574	36445	24742	16277	10745	6965	26	20915	50746	36550	24710	16366	11002	7171	26	51493	36917	25236	16369	10891	7267	25	51735	36927	25101	16447	11110	7300	26
5:25:00	37.0	71808	52173	85	50195	36247	24091	16167	10646	7000	25	21577	73151	51863	50765	35907	24042	15638	10685	6937	25	21135	74266	52789	50774	36548	24667	16294	10740	6971	26	20976	50792	36706	24729	16382	11026	7173	26	51512	36793	25206	16424	10936	7239	26	51922	36988	25069	16451	11065	7289	26
5:30:00	37.0	72110	52373	86	50444	36260	23968	16174	10719	6988	26	21589	73480	51918	50783	36080	24031	15569	10628	6926	25	21181	74365	52763	50616	36470	24718	16278	10736	6946	26	20946	50716	36654	24782	16376	11028	7213	26	51479	36893	25152	16363	10915	7240	26	51895	36940	25147	16371	11049	7270	26
5:35:00	37.0	71950	52428	87	50098	36310	24020	16156	10681	7007	25	21603	73465	52105	50955	36080	24053	15578	10644	6955	25	21075	74483	52808	50684	36536	24649	16287	10724	6997	26	20930	50733	36767	24759	16409	11025	7170	26	51583	36840	25253	16325	10944	7260	25	52330	37066	25131	16484	11111	7294	26
5:40:00	37.0	72367	52603	88	50332	36516	24072	16171	10696	7009	25	21668	73374	51915	50893	36016	24020	15629	10707	6910	25	21087	74363	52757	50774	36612	24806	16280	10732	6976	26	21060	50876	36773	24745	16418	11018	7196	26	51605	37011	25199	16369	10932	7263	26	51893	37097	25168	16440	11120	7303	26
5:45:00	37.0	72510	52521	89	50356	36345	24045	16152	10717	7001	25	21612	73555	52023	50853	36071	24119	15626	10631	6939	25	21086	74320	52709	50583	36672	24702	16309	10710	6979	26	20987	50943	36938	24737	16453	11064	7185	25	51768	36958	25249	16334	10955	7268	26	51897	37139	25167	16540	11052	7304	26
5:50:00	37.0	72007	52283	90	50384	36321	23994	16166	10746	6993	25	21550	73599	51927	50910	36138	24049	15570	10668	6916	25	21098	74538	52701	50756	36510	24751	16379	10707	6960	26	20918	50992	36741	24713	16425	11071	7225	26	51720	37063	25258	16406	10916	7288	26	51799	37052	25195	16458	11100	7306	27
5:55:00	37.0	72510	52262	91	50443	36316	24080	16149	10686	7024	25	21692	73751	51818	50915	36032	23980	15679	10677	6967	25	21154	74732	52774	50918	36581	24785	16331	10690	6981	26	20905	51227	37062	24778	16410	11078	7189	26	51835	36874	25270	16424	10944	7277	26	52082	37243	25282	16484	11105	7294	26
6:00:00	37.0	72330	52401	92	50332	36381	24048	16199	10714	7025	25	21644	73923	52036	51003	36160	24061	15643	10710	6938	25	21086	74768	52865	50843	36734	24772	16326	10744	6995	26	20880	51322	36862	24871	16425	11074	7221	26	51445	36882	25303	16374	10964	7289	25	52065	37089	25264	16419	11108	7292	26

GFP-M-G100:485,528

Time	T° GFP-M-G100:485,528	B2	B4	B6	B8	B10	B12	B14	B16	B18	B20	B22	D2	D4	D8	D10	D12	D14	D16	D18	D20	D22	F2	F4	F8	F10	F12	F14	F16	F18	F20	F22	H8	H10	H12	H14	H16	H18	H20	J8	J10	J12	J14	J16	J18	J20	L8	L10	L12	L14	L16	L18	L20
0:01:48	25.1	10	57	8	25078	16601	10346	6510	4342	2765	8	7931	11	62	25980	16523	10536	6590	4313	2748	10	8108	17	70	26917	17462	10856	6776	4470	2841	9	7933	27338	17580	11011	6891	4455	2875	6	27115	17474	11302	6961	4515	2920	8	26953	17697	11229	6926	4651	2996	10
0:06:48	29.4	15	96	9	25218	16527	10360	6466	4332	2755	3	7859	11	90	25998	16586	10525	6532	4293	2725	5	7981	7	104	26939	17430	10869	6740	4455	2814	11	7772	27041	17424	10953	6866	4465	2832	5	26856	17334	11300	6930	4459	2885	8	26688	17463	11113	6832	4607	2937	6
0:11:48	32.5	12	154	13	24895	16331	10165	6351	4295	2732	4	7825	9	149	25633	16285	10393	6410	4247	2707	2	7872	13	167	26511	17163	10715	6672	4368	2785	6	7706	26653	17176	10780	6743	4400	2806	6	26352	17025	11102	6831	4395	2834	13	26265	17188	10890	6765	4533	2938	3
0:16:48	35.0	12	279	12	24453	16058	10065	6319	4263	2688	5	7663	12	278	25172	16037	10153	6345	4176	2660	7	7718	9	291	26171	16944	10560	6613	4357	2738	11	7538	26186	16929	10576	6683	4310	2753	3	25900	16723	10939	6679	4343	2807	6	25910	17002	10704	6615	4483	2893	6
0:21:48	36.9	10	547	10	24022	15867	9888	6304	4161	2671	9	7527	8	531	24812	15879	10050	6304	4147	2618	7	7581	9	567	25760	16738	10438	6511	4310	2740	5	7346	25691	16527	10424	6580	4260	2718	4	25490	16501	10713	6645	4305	2768	4	25544	16687	10565	6564	4432	2870	4
0:26:48	37.0	14	1035	9	23798	15643	9785	6173	4102	2612	7	7412	18	1024	23975	15380	9768	6137	4078	2559	4	7428	14	1082	24697	16018	10129	6382	4206	2682	4	7289	24281	15874	10030	6387	4144	2695	2	24228	15914	10436	6499	4206	2714	3	24759	16214	10286	6429	4329	2803	13
0:31:48	36.9	20	1819	13	23492	15353	9622	6049	4077	2590	6	7353	19	1780	23096	14914	9467	5937	3954	2553	3	7366	22	1859	22650	14849	9684	6130	4127	2637	8	7162	22269	14642	9496	6214	4101	2658	2	22447	14929	9980	6338	4097	2661	8	23804	15787	10051	6319	4258	2792	7
0:36:48	37.0	48	2841	11	23203	15240	9491	6021	4040	2583	8	7287	41	2780	22130	14416	9139	5821	3895	2497	4	7307	48	2847	21333	13867	8958	5828	4066	2611	4	7154	21088	13840	9019	6052	4022	2607	7	21871	14435	9697	6197	4048	2650	5	23013	15337	9868	6235	4207	2758	9
0:41:48	37.0	142	4004	16	23079	15068	9498	6011	4025	2587	7	7232	139	3917	21447	13975	8763	5598	3840	2513	0	7323	155	4031	20326	13145	8471	5528	3896	2583	6	7130	20050	13151	8684	5804	3927	2597	4	21349	14274	9611	6140	4084	2662	6	22839	15225	9831	6214	4205	2756	9
0:46:48	37.0	415	5287	10	23039	14994	9497	5993	4014	2572	8	7177	429	5169	21063	13646	8503	5487	3802	2479	10	7261	430	5295	19578	12605	8149	5286	3770	2586	4	7048	19120	12581	8354	5615	3920	2583	17	20921	14062	9467	6145	4052	2633	9	22872	15185	9741	6178	4213	2740	0
0:51:48	37.0	950	6518	11	22935	14952	9393	5940	3976	2573	2	7183	1012	6395	20689	13395	8237	5361	3715	2476	9	7236	1007	6527	18866	12008	7814	5175	3691	2527	12	7010	18623	12217	8120	5527	3870	2577	11	20716	13904	9453	6158	4032	2617	2	22833	15228	9794	6242	4214	2731	3
0:56:48	37.0	1861	7784	5	22826	14908	9379	5943	4012	2549	9	7220	1936	7651	20492	13198	8127	5342	3751	2484	3	7224	1914	7851	18245	11716	7634	5061	3641	2532	9	7026	17820	11908	7899	5434	3843	2566	14	20530	13795	9462	6122	4041	2634	4	22898	15217	9782	6233	4195	2738	3
1:01:48	37.0	3091	8958	17	22755	14820	9328	5927	3983	2547	7	7154	3201	8839	20194	13059	8063	5315	3711	2454	2	7219	3185	9046	17807	11462	7455	4945	3611	2540	4	7034	17404	11503	7785	5384	3840	2584	7	20256	13714	9421	6098	4041	2611	10	22799	15209	9736	6168	4198	2702	7
1:06:48	37.0	4608	10126	14	22756	14852	9316	5924	3996	2539	0	7179	4715	9959	20199	13006	8018	5265	3752	2464	6	7197	4723	10190	17425	11187	7285	4892	3601	2515	7	6981	17116	11349	7647	5373	3858	2555	11	20239	13741	9462	6164	4048	2633	3	22922	15227	9757	6145	4199	2730	3
1:11:48	37.0	6318	11246	11	22720	14837	9322	5864	3941	2527	0	7117	6472	10984	20148	12991	7993	5301	3734	2447	8	7171	6499	11369	17154	10993	7150	4809	3620	2552	4	6905	16711	11149	7564	5346	3857	2573	14	20101	13668	9417	6137	4061	2613	7	22970	15302	9725	6196	4198	2696	7
1:16:48	36.9	8184	12272	15	22726	14761	9292	5938	3986	2529	12	7075	8369	11994	20106	12952	7933	5289	3732	2464	8	7183	8340	12383	16888	10810	7098	4784	3597	2534	7	6976	16420	11014	7523	5342	3850	2569	3	20037	13693	9509	6148	4077	2618	7	23019	15251	9754	6153	4220	2726	10
1:21:48	37.0	10089	13322	16	22744	14840	9350	5874	3984	2532	10	7086	10292	13062	20142	12881	8014	5328	3755	2476	2	7167	10330	13440	16815	10793	7025	4758	3603	2542	9	6894	16238	10811	7449	5305	3880	2583	4	20169	13680	9520	6145	4037	2597	8	23014	15277	9715	6166	4185	2717	6
1:26:48	37.0	12055	14295	13	22746	14686	9263	5877	3923	2538	1	7065	12278	14030	20319	12958	8025	5376	3823	2484	7	7166	12197	14400	16610	10627	6984	4744	3650	2534	4	6951	16128	10743	7385	5305	3867	2579	7	20103	13719	9586	6158	4043	2608	9	23110	15259	9799	6167	4222	2690	16
1:31:48	37.0	13926	15121	12	22670	14773	9325	5867	3956	2522	5	7065	14185	14905	20308	12980	8108	5382	3808	2445	17	7125	14144	15234	16489	10550	6928	4739	3646	2528	1	6906	15969	10701	7404	5343	3871	2570	10	20164	13819	9617	6174	4014	2613	6	23130	15267	9761	6172	4195	2684	3
1:36:48	37.0	15755	16008	17	22692	14778	9273	5875	3947	2527	2	7098	15929	15638	20521	13058	8176	5425	3832	2477	6	7089	15957	16036	16370	10553	6915	4718	3664	2523	3	6884	15835	10610	7369	5388	3921	2576	8	20272	13873	9642	6135	4032	2598	4	23129	15233	9753	6199	4167	2706	7
1:41:48	37.0	17467	16725	15	22587	14740	9278	5849	3958	2524	4	7111	17750	16417	20634	13160	8178	5481	3853	2479	9	7129	17881	16807	16296	10473	6871	4716	3695	2519	2	6908	15706	10587	7415	5385	3892	2558	4	20288	13965	9677	6162	4045	2607	7	23125	15279	9732	6142	4169	2703	4
1:46:48	37.0	19227	17388	5	22554	14777	9283	5863	3947	2536	9	7082	19501	17133	20618	13262	8242	5494	3863	2465	7	7071	19507	17532	16378	10504	6915	4762	3734	2542	6	6914	15584	10516	7386	5414	3914	2558	5	20349	14042	9695	6136	4037	2593	10	23188	15223	9745	6129	4164	2694	7
1:51:48	37.0	20773	18093	15	22503	14663	9266	5820	3946	2522	6	7076	21148	17754	20847	13306	8298	5558	3833	2442	7	7104	21136	18277	16360	10471	6945	4788	3783	2513	13	6909	15549	10508	7409	5425	3918	2573	0	20562	14049	9692	6189	4013	2591	0	23237	15239	9736	6167	4183	2701	5
1:56:48	37.0	22308	18654	16	22528	14742	9259	5863	3969	2503	11	6997	22619	18349	20991	13340	8361	5611	3838	2442	7	7107	22703	18784	16353	10495	6956	4845	3805	2513	7	6876	15553	10550	7449	5478	3946	2556	9	20660	14136	9737	6179	4056	2606	9	23291	15209	9688	6172	4182	2704	5
2:01:48	36.9	23680	19167	16	22515	14688	9272	5881	3923	2504	10	7047	24049	18914	21105	13474	8466	5636	3850	2439	1	7070	24021	19359	16384	10498	6994	4843	3864	2537	13	6919	15549	10519	7500	5513	3961	2577	7	20725	14116	9712	6120	4004	2601	6	23095	15165	9706	6079	4147	2701	4
2:06:48	37.0	25025	19820	16	22476	14677	9216	5862	3921	2498	0	7021	25310	19398	21285	13535	8495	5653	3847	2462	3	7070	25446	19962	16399	10600	7031	4908	3870	2535	6	6881	15473	10640	7544	5558	3942	2552	7	20906	14267	9739	6120	4005	2597	3	23243	15191	9699	6118	4127	2673	8
2:11:48	37.0	26191	20241	13	22476	14758	9248	5824	3880	2501	1	7011	26572	19878	21419	13679	8639	5718	3860	2447	2	7163	26590	20427	16524	10652	7124	4950	3903	2516	7	6891	15519	10589	7541	5606	3931	2552	16	20932	14235	9810	6095	4013	2581	6	23207	15191	9731	6087	4163	2661	7
2:16:48	37.0	27370	20677	14	22476	14640	9245	5820	3912	2492	5	7033	27740	20300	21671	13778	8715	5718	3854	2428	5	7092	27712	20888	16651	10769	7162	5030	3905	2505	9	6901	15506	10570	7647	5639	3975	2572	3	21022	14457	9827	6151	4015	2612	20	23234	15163	9649	6110	4149	2673	10
2:21:48	37.0	28377	20984	16	22459	14746	9155	5821	3892	2502	7	7040	28665	20668	21759	13884	8802	5726	3852	2454	5	7089	28769	21234	16738	10895	7231	5110	3923	2505	5	6883	15598	10685	7689	5718	3915	2554	8	21159	14545	9743	6100	3984	2612	9	23066	15226	9721	6114	4133	2682	3
2:26:48	36.9	29267	21422	15	22568	14692	9189	5869	3923	2491	5	7003	29834	21118	22012	14018	8874	5753	3833	2430	7	7071	29860	21563	16931	10988	7303	5229	3949	2490	9	6814	15634	10719	7799	5787	3970	2570	7	21404	14489	9773	6134	4005	2585	7	23196	15307	9696	6135	4171	2681	6
2:31:48	37.0	30147	21685	19	22459	14636	9176	5793	3902	2496	2	7042	30614	21353	22120	14109	8999	5785	3871	2440	8	7037	30649	21859	17044	11104	7405	5324	3956	2510	0	6842	15748	10802	7892	5826	3937	2551	8	21443	14630	9796	6163	3982	2572	6	23251	15238	9607	6143	4109	2668	6
2:36:48	37.0	31031	21962	22	22474	14634	9221	5825	3908	2480	2	6992	31257	21548	22171	14153	9059	5770	3847	2424	13	7057	31461	22217	17114	11187	7499	5416	3967	2522	6	6879	15786	10894	7920	5901	3962	2542	9	21531	14635	9763	6155	3991	2567	7	23194	15162	9693	6091	4144	2661	5
2:41:48	37.0	31693	22205	13	22424	14630	9191	5834	3873	2485	9	6992	32105	21854	22336	14203	9034	5748	3844	2407	3	7022	32267	22427	17392	11396	7583	5552	3947	2514	9	6838	15870	10947	8032	5893	3938	2571	9	21701	14618	9811	6140	4007	2578	5	23261	15190	9663	6082	4116	2658	4
2:46:48	37.0	32297	22526	17	22291	14603	9165	5802	3877	2477	16	7006	32755	22028	22279	14364	9050	5754	3829	2454	9	7104	32661	22704	17634	11557	7748	5641	3972	2474	2	6878	16048	11098	8085	5922	3955	2538	5	22012	14713	9793	6142	3997	2570	7	23180	15112	9561	6076	4098	2655	10
2:51:48	37.0	32954	22671	16	22431	14686	9149	5809	3899	2466	5	7009	33400	22225	22418	14377	9108	5764	3814	2433	8	7090	33435	22985	17823	11733	7966	5704	3954	2509	4	6859	16089	11174	8208	5975	3935	2556	2	21972	14738	9801	6120	4005	2576	6	23145	15164	9626	6055	4134	2650	5
2:56:48	37.0	33448	22809	13	22262	14579	9096	5792	3874	2493	8	6962	33880	22429	22543	14436	9152	5720	3825	2417	5	7088	33929	23083	18010	11819	8115	5817	3933	2507	10	6856	16239	11330	8310	5943	3952	2545	11	22047	14746	9758	6145	3983	2581	10	23241	15123	9601	6080	4111	2658	9
3:01:48	37.0	33809	22952	24	22326	14542	9172	5829	3891	2458	5	6990	34247	22433	22503	14516	9168	5748	3792	2426	2	7034	34422	23240	18242	12094	8245	5873	3964	2522	1	6839	16354	11357	8448	6002	3934	2531	9	22155	14800	9811	6087	4002	2546	3	23110	15155	9613	6095	4115	2629	9
3:06:48	37.0	34363	22995	23	22237	14629	9153	5833	3883	2500	10	6952	34795	22580	22450	14538	9187	5751	3835	2417	4	7015	34879	23259	18406	12221	8432	5932	3985	2495	7	6809	16497	11496	8630	6038	3988	2544	1	22340	14746	9851	6078	3978	2589	8	23234	15196	9628	6074	4093	2629	2
3:11:48	37.0	34674	23082	19	22312	14524	9157	5830	3870	2471	2	6980	35113	22703	22578	14550	9151	5755	3848	2420	0	7010	35286	23378	18668	12464	8635	5962	3975	2517	2	6870	16609	11717	8746	6005	3937	2557	8	22374	14793	9805	6098	3937	2585	15	23182	15201	9622	6077	4097	2670	0
3:16:48	37.0	34986	23059	16	22298	14514	9181	5800	3896	2501	8	6966	35529	22781	22521	14551	9217	5781	3851	2424	7	7054	35562	23441	18963	12682	8837	5971	3937	2483	8	6773	16795	11790	8898	6054	3968	2552	10	22494	14825	9804	6145	3960	2548	5	23258	15116	9626	6079	4082	2626	2
3:21:48	37.0	35365	23121	16	22296	14536	9113	5816	3867	2475	8	6946	35739	22713	22486	14532	9164	5770	3843	2404	4	6994	35846	23522	19290	12921	8962	5971	3934	2508	7	6897	16959	11983	8955	6050	3972	2559	2	22526	14710	9781	6123	3964	2562	12	23128	15067	9587	6009	4103	2639	0
3:26:48	37.0	35471	23262	17	22271	14542	9145	5819	3895	2482	5	6965	36017	22838	22566	14551	9197	5780	3825	2429	0	7015	36022	23569	19490	13089	8993	5982	3997	2511	3	6775	17163	12114	9054	6039	3935	2585	9	22636	14793	9749	6118	3963	2579	8	23134	15119	9660	6072	4116	2641	6
3:31:48	37.0	35733	23245	23	22190	14493	9149	5842	3901	2468	7	6937	36205	22760	22581	14646	9189	5740	3822	2415	4	7037	36259	23481	19818	13394	9144	5977	3975	2502	11	6788	17423	12312	9094	6023	3946	2574	8	22583	14765	9776	6106	3989	2590	7	23154	15042	9562	6027	4097	2669	2
3:36:48	37.0	35848	23164	21	22147	14497	9144	5755	3886	2463	4	6973	36471	22896	22584	14588	9162	5771	3822	2429	4	7032	36629	23560	20057	13639	9236	6009	3987	2474	6	6839	17583	12493	9196	5992	3934	2540	6	22539	14819	9779	6107	3985	2588	6	23146	15094	9562	6040	4071	2633	7
3:41:48	36.9	36096	23121	25	22161	14573	9159	5810	3877	2470	6	6975	36494	22818	22459	14520	9174	5797	3829	2429	5	7053	36775	23581	20416	13706	9337	5999	3938	2498	6	6821	17955	12728	9321	6009	3918	2577	4	22554	14779	9767	6061	3976	2542	4	22932	15034	9609	6052	4058	2634	8
3:46:48	37.0	36220	23242	21	22212	14462	9157	5786	3872	2468	0	6936	36702	22922	22679	14677	9166	5757	3792	2424	6	6963	36707	23552	20729	13981	9349	5986	3925	2491	4	6798	18132	12983	9292	6015	3954	2557	0	22748	14759	9776	6077	3986	2568	1	23043	15039	9597	6065	4073	2622	5
3:51:48	37.0	36349	23241	22	22244	14511	9106	5818	3891	2457	7	7009	36914	22841	22563	14599	9169	5738	3821	2370	6	7025	37172	23592	20984	14208	9404	6006	3993	2508	4	6792	18521	13242	9283	6019	3944	2543	3	22785	14784	9803	6069	3970	2548	0	23144	14999	9608	6048	4084	2631	6
3:56:48	37.0	36462	23096	20	22214	14513	9149	5765	3854	2458	7	6970	36939	22820	22560	14590	9147	5726	3837	2424	8	6977	37275	23481	21293	14296	9469	6017	3987	2486	13	6768	18785	13525	9385	6007	3945	2539	6	22770	14793	9750	6098	3990	2573	4	23102	15084	9609	6027	4085	2652	0
4:01:48	37.0	36612	23204	20	22238	14560	9148	5788	3879	2454	0	6916	37228	22778	22490	14542	9177	5718	3817	2421	6	7001	37196	23586	21468	14362	9478	6011	3972	2480	3	6794	19138	13687	9343	6005	3933	2548	2	22731	14751	9743	6069	3982	2563	16	23094	15007	9571	6027	4107	2641	16
4:06:48	37.0	36700	23200	22	22105	14494	9147	5801	3860	2475	3	6953	37192	22832	22609	14611	9171	5720	3788	2425	8	6983	37406	23546	21757	14498	9491	6037	3961	2458	10	6811	19434	13887	9394	5990	3950	2545	15	22666	14840	9739	6055	3977	2554	9	23122	15092	9547	6008	4078	2643	1
4:11:48	37.0	36734	23116	20	22119	14527	9117	5768	3867	2476	11	6910	37226	22764	22655	14593	9180	5679	3812	2432	13	6944	37422	23530	21912	14625	9455	5953	3946	2474	11	6791	19854	14028	9436	6063	3940	2543	7	22826	14752	9756	6063	3953	2583	10	23150	15047	9554	6061	4072	2630	7
4:16:48	37.0	36910	23160	20	22118	14536	9112	5769	3832	2461	0	6957	37319	22908	22613	14607	9123	5771	3806	2435	7	6949	37439	23534	22172	14729	9475	5993	3951	2467	8	6764	20145	14080	9417	6019	3937	2524	3	22654	14692	9742	6075	3958	2565	10	23091	15063	9591	6040	4045	2627	5
4:21:48	37.0	36900	23087	32	22030	14485	9121	5770	3851	2463	9	6901	37342	22757	22547	14550	9086	5688	3794	2420	2	7001	37465	23531	22289	14669	9493	6003	3943	2492	7	6771	20461	14241	9375	6016	3941	2533	10	22693	14777	9705	6049	3945	2554	11	23027	14994	9563	5995	4087	2593	5
4:26:48	37.0	36974	23151	28	22101	14464	9119	5749	3859	2441	15	6958	37460	22674	22502	14534	9125	5770	3780	2393	9	6947	37731	23530	22371	14817	9488	6024	3939	2471	4	6729	20740	14404	9386	6021	3939	2532	5	22725	14686	9754	6098	3906	2533	7	23078	15060	9504	6002	4063	2650	13
4:31:48	37.0	37024	23112	21	22037	14499	9114	5753	3867	2448	4	6941	37528	22785	22513	14557	9109	5704	3807	2402	15	7004	37589	23445	22406	14688	9436	5976	3922	2449	1	6751	21164	14419	9370	6018	3939	2533	2	22738	14760	9670	6022	3956	2553	10	22985	15027	9515	6018	4030	2639	8
4:36:48	37.0	37136	23042	19	22154	14524	9105	5753	3848	2448	8	6891	37651	22716	22526	14583	9153	5712	3802	2390	0	6947	37772	23421	22699	14901	9495	6042	3948	2491	8	6699	21334	14484	9402	6038	3921	2532	4	22740	14733	9667	6060	3963	2561	2	23056	15006	9538	5995	4036	2621	5
4:41:48	37.0	37215	23110	21	22072	14507	9134	5774	3836	2441	14	6924	37760	22752	22487	14541	9102	5715	3772	2407	7	6950	37811	23602	22750	14765	9422	6015	3914	2471	7	6762	21481	14621	9365	5983	3934	2550	2	22678	14772	9695	6049	3929	2574	11	23098	15035	9552	5998	4059	2630	12
4:46:48	37.0	37160	23171	17	22018	14443	9033	5749	3826	2440	2	6928	37516	22699	22504	14557	9202	5682	3790	2378	6	6997	37847	23403	22849	14852	9516	6023	3916	2444	7	6819	21734	14672	9377	5973	3906	2522	4	22841	14748	9730	6067	3937	2564	3	23099	14955	9558	6010	4050	2639	7
4:51:48	37.0	37243	23077	23	22104	14528	9114	5790	3824	2450	7	6956	37623	22754	22573	14564	9149	5689	3807	2382	8	6964	37857	23461	22885	14907	9490	6030	3907	2471	12	6751	21969	14642	9395	6011	3956	2529	2	22875	14794	9665	6010	3938	2546	4	23110	15020	9478	6017	4021	2632	6
4:56:48	37.0	37343	23027	25	22118	14471	9088	5779	3827	2454	3	6911	37742	22731	22513	14540	9122	5705	3782	2377	9	6959	38078	23348	22948	14871	9454	6007	3933	2456	3	6816	22117	14743	9436	5997	3905	2524	8	22727	14631	9740	6022	3920	2533	5	23036	14910	9501	6001	4042	2624	8
5:01:48	37.0	37315	23008	31	22130	14474	9109	5756	3849	2419	9	6953	37735	22701	22467	14476	9113	5675	3794	2410	3	7007	37938	23482	22946	14866	9515	5991	3903	2458	8	6805	22283	14780	9394	5997	3908	2536	9	22614	14659	9680	6014	3938	2562	6	23146	14981	9495	6013	4072	2628	6
5:06:48	37.0	37340	23066	27	21984	14417	9035	5731	3834	2462	5	6906	37797	22685	22519	14521	9117	5699	3772	2423	4	6950	38085	23337	23024	14859	9434	5986	3926	2468	5	6751	22452	14755	9364	6027	3905	2527	9	22761	14775	9738	6043	3906	2540	11	23031	14995	9563	5957	4041	2605	0
5:11:48	37.0	37414	22970	30	22011	14479	9035	5756	3844	2430	7	6896	37719	22595	22421	14544	9146	5691	3756	2386	5	6951	38099	23373	23020	14856	9419	6023	3920	2463	9	6778	22613	14801	9423	5971	3887	2544	5	22693	14783	9686	6006	3948	2554	8	23005	14991	9577	6004	4025	2621	10
5:16:48	37.0	37316	22966	30	22075	14455	9048	5764	3856	2437	3	6905	37888	22633	22536	14584	9134	5728	3804	2407	8	6949	38032	23394	23063	14922	9466	5972	3929	2431	6	6753	22656	14773	9396	5963	3939	2524	8	22691	14740	9696	6047	3907	2548	3	22979	15024	9515	5968	4047	2613	9
5:21:48	37.0	37401	22952	27	22031	14428	9069	5739	3813	2438	0	6899	37957	22612	22525	14492	9176	5686	3808	2406	4	6944	38050	23309	22985	14847	9474	6015	3912	2461	3	6767	22629	14811	9382	5997	3901	2511	3	22720	14703	9714	6004	3959	2540	8	23016	14960	9520	5980	4050	2594	9
5:26:48	37.0	37393	22969	27	22036	14450	9037	5726	3843	2428	7	6860	37960	22664	22458	14470	9156	5681	3745	2392	14	6972	38088	23347	23082	14903	9442	5987	3899	2436	5	6746	22771	14816	9399	5993	3913	2499	0	22718	14678	9702	6009	3926	2571	3	23048	14951	9519	5988	4071	2605	3
5:31:48	37.0	37498	22937	30	22027	14369	9027	5697	3834	2435	10	6943	37870	22427	22458	14464	9101	5709	3778	2378	11	6961	38160	23268	22990	14914	9490	6006	3906	2438	4	6782	22864	14838	9392	5999	3895	2503	8	22797	14713	9682	5983	3903	2552	6	23075	14958	9510	5978	4014	2611	16
5:36:48	37.0	37359	22919	25	21952	14404	9044	5724	3828	2412	6	6901	37939	22442	22418	14431	9089	5695	3758	2393	5	6957	38119	23277	23002	14854	9426	5984	3933	2448	7	6761	22758	14774	9320	6011	3894	2522	14	22680	14695	9738	6044	3885	2538	13	23004	14884	9549	6007	4018	2603	7
5:41:48	37.0	37495	22901	31	21956	14391	9032	5696	3798	2427	8	6875	37886	22623	22497	14474	9111	5678	3798	2390	10	6936	38035	23278	23068	14948	9523	6022	3910	2466	6	6750	22817	14850	9364	5983	3892	2538	3	22704	14690	9671	5986	3910	2537	10	22989	14986	9529	6019	4026	2618	7
5:46:48	37.0	37527	22796	34	21885	14407	9038	5754	3833	2421	6	6940	37875	22464	22328	14483	9083	5683	3772	2371	6	6904	38054	23292	23001	14840	9428	5997	3876	2464	10	6701	22891	14856	9470	5986	3893	2531	7	22637	14641	9676	6034	3905	2539	6	22940	14926	9438	5952	4028	2591	2
5:51:48	37.0	37465	22928	30	21960	14391	8992	5740	3820	2443	11	6890	37983	22529	22477	14420	9085	5694	3798	2388	0	6901	38128	23194	22953	14839	9432	5986	3899	2443	3	6823	22905	14822	9381	5976	3943	2520	0	22654	14670	9692	6011	3913	2549	3	23099	14992	9463	5980	4041	2628	15
5:56:48	37.0	37378	22904	34	21853	14307	9028	5729	3852	2435	4	6923	38039	22562	22465	14430	9113	5685	3772	2379	2	6930	38205	23260	23090	14897	9431	6039	3899	2454	6	6787	22920	14857	9350	6007	3923	2529	5	22718	14622	9675	6012	3920	2566	1	22948	14927	9511	5957	4019	2631	8
6:01:48	37.0	37407	22902	28	21982	14410	8984	5726	3814	2460	5	6885	38027	22523	22390	14425	9054	5702	3780	2379	8	6949	37966	23260	23063	14859	9438	6026	3881	2453	9	6726	22910	14840	9390	5983	3902	2506	6	22667	14576	9688	5958	3894	2544	9	23051	14903	9431	5951	4044	2604	0

Results

Well ID	SPL1			SPL2			SPL3	SPL4			SPL5			SPL6			SPL7			SPL8			SPL9			SPL10			SPL11			SPL12			SPL13			SPL14			SPL15			SPL16			SPL17			SPL18			
Well	B2	D2	F2	B4	D4	F4	B6	B8	D8	F8	B10	D10	F10	B12	D12	F12	B14	D14	F14	B16	D16	F16	B18	D18	F18	B20	D20	F20	B22	D22	F22	H8	J8	L8	H10	J10	L10	H12	J12	L12	H14	J14	L14	H16	J16	L16	H18	J18	L18	H20	J20	L20	
Max V [GFP-F-G35:485/20,528/20]	885620.000	884800.000	898880.000	632840.000	624900.000	627040.000	240.000	80460.000	-203500.000	-259160.000	-83960.000	-146600.000	-245300.000	-56200.000	-130140.000	-161800.000	-33820.000	-83280.000	-99680.000	-21280.000	-43260.000	-51000.000	15840.000	-21100.000	-18060.000	-60.000	-60.000	-120.000	-37300.000	-49940.000	-53140.000	-270480.000	-230320.000	-227260.000	-217400.000	-174180.000	-160760.000	-136040.000	-120780.000	-112900.000	-71940.000	-55500.000	-49880.000	-38880.000	-26260.000	-31800.000	-16180.000	-14280.000	-14860.000	-60.000	-120.000	60.000	
R-Squared [GFP-F-G35:485/20,528/20]	1.000	1.000	1.000	1.000	1.000	1.000	0.973	0.257	0.998	0.997	0.976	0.987	0.996	0.960	0.995	0.999	0.972	0.987	0.987	0.908	0.978	0.995	0.400	0.992	0.995	0.750	0.450	0.750	0.989	0.985	0.983	0.996	0.996	0.996	0.998	0.986	0.987	0.993	0.987	0.986	0.997	0.978	0.980	0.976	0.985	0.986	0.988	0.972	0.952	0.750	0.900	0.750	
t at Max V [GFP-F-G35:485/20,528/20]	1:15:00	1:15:00	1:15:00	0:45:00	0:45:00	0:45:00	4:10:00	0:10:00	0:30:00	0:35:00	0:30:00	0:30:00	0:30:00	0:30:00	0:30:00	0:30:00	0:30:00	0:30:00	0:35:00	0:30:00	0:30:00	0:35:00	0:10:00	0:30:00	0:35:00	0:10:00	0:10:00	0:10:00	0:20:00	0:15:00	0:15:00	0:30:00	0:20:00	0:20:00	0:30:00	0:20:00	0:20:00	0:30:00	0:25:00	0:20:00	0:30:00	0:25:00	0:25:00	0:25:00	0:15:00	0:25:00	0:25:00	0:30:00	0:25:00	0:10:00	0:15:00	2:45:00	
Lagtime [GFP-F-G35:485/20,528/20]	0:52:41	0:52:20	0:52:24	0:24:36	0:24:43	0:24:39	2:08:20	?????	0:28:10	0:24:33	0:39:45	0:30:16	0:24:34	0:41:28	0:28:48	0:26:07	0:45:18	0:30:13	0:29:18	0:47:28	0:35:36	0:33:48	?????	0:40:39	0:36:56	0:03:20	0:10:00	0:03:20	0:40:42	0:35:12	0:27:56	0:18:28	0:16:16	0:13:18	0:20:32	0:15:54	0:12:47	0:22:01	0:19:12	0:13:37	0:25:49	0:23:07	0:17:48	0:28:07	0:21:44	0:14:46	0:36:21	0:29:55	0:20:28	0:03:20	0:15:00	2:38:20	
Max V [GFP-M-G100:485,528]	381740.000	386700.000	382940.000	248100.000	246520.000	251720.000	-620.000	-74260.000	-171500.000	-284640.000	-47420.000	-95440.000	-186740.000	-28540.000	-64680.000	-103460.000	-17020.000	-34560.000	-55880.000	-11940.000	-15940.000	-23360.000	-7200.000	-8420.000	-7700.000	580.000	-420.000	540.000	-23900.000	-27940.000	-28160.000	-289500.000	-222020.000	-150680.000	-175720.000	-122960.000	-84600.000	-89820.000	-64340.000	-43720.000	-39080.000	-26240.000	-21560.000	-15760.000	-15960.000	-14520.000	-7860.000	-8780.000	-7640.000	640.000	640.000	500.000	
R-Squared [GFP-M-G100:485,528]	1.000	1.000	1.000	1.000	1.000	1.000	0.783	0.990	0.998	0.986	0.995	1.000	0.993	0.989	0.998	0.985	0.941	0.993	0.998	0.959	0.978	0.980	0.976	0.973	0.969	0.606	0.571	0.776	0.974	0.997	0.978	0.986	0.961	0.981	0.989	0.962	0.996	0.995	0.986	0.991	0.995	0.978	0.985	0.984	0.976	0.986	0.992	0.983	0.964	0.651	0.589	0.643	
t at Max V [GFP-M-G100:485,528]	1:21:48	1:21:48	1:21:48	0:51:48	0:51:48	0:51:48	4:31:48	0:16:48	0:31:48	0:31:48	0:21:48	0:31:48	0:31:48	0:16:48	0:36:48	0:36:48	0:26:48	0:31:48	0:36:48	0:21:48	0:31:48	0:41:48	0:21:48	0:16:48	0:31:48	2:36:48	5:41:48	1:41:48	0:21:48	0:16:48	0:11:48	0:31:48	0:26:48	0:26:48	0:31:48	0:26:48	0:26:48	0:31:48	0:26:48	0:26:48	0:36:48	0:31:48	0:21:48	0:31:48	0:26:48	0:26:48	0:11:48	0:21:48	0:21:48	0:36:48	3:56:48	1:16:48	
Lagtime [GFP-M-G100:485,528]	0:55:20	0:55:09	0:54:57	0:25:47	0:26:07	0:26:03	4:57:56	0:08:43	0:14:58	0:17:52	0:05:58	0:14:56	0:18:12	0:06:31	0:15:02	0:19:37	0:07:01	0:13:33	0:19:53	0:08:12	0:11:05	0:17:50	0:07:01	0:05:37	0:07:04	2:38:52	5:33:14	1:49:12	0:06:07	0:02:46	0:02:04	0:15:42	0:12:43	0:11:13	0:16:01	0:12:23	0:09:10	0:15:19	0:12:03	0:05:26	0:14:22	0:09:02	0:03:49	0:08:41	0:07:03	0:05:30	0:01:51	0:03:13	0:03:54	0:36:11	3:59:56	1:20:00	
Count	3			3			1	3			3			3			3			3			3			3			3			3			3			3			3			3			3			3			
Mean	0:55:08			0:25:59			4:57:56	0:13:51			0:13:02			0:13:43			0:13:29			0:12:22			0:06:34			3:20:26			0:03:39			0:13:13			0:12:31			0:10:56			0:09:05			0:07:05			0:02:59			1:58:42			
Std Dev	0:00:12			0:00:10			?????	0:04:41			0:06:20			0:06:39			0:06:26			0:04:56			0:00:50			1:57:39			0:02:10			0:02:17			0:03:26			0:05:02			0:05:16			0:01:36			0:01:02			1:47:15			
CV (%)	0.353			0.666			?????	33.814			48.585			48.430			47.741			39.946			12.619			58.699			59.149			17.237			27.370			46.066			58.095			22.494			34.843			90.351			

