CDK

	Protocol		PURE Timeseries
Experiment File Name:	20251111-122213-cytation5-pure-timecourse-gfp-MFG-98-tRNA-QC.xpt		
Experiment File Path:	C:\Users\bnext\Documents\Biotek\experiments\20251111-122213-cytation5-pure-timecourse-gfp-MFG-98-tRNA-QC.xpt		
Protocol File Path:	C:\Users\bnext\Documents\Biotek\protocols\cytation5_protocols\cytation5-pure-timecourse-gfp.prt		
Protocol File Name:	cytation5-pure-timecourse-gfp		
Reading Date/Time:	11/11/2025 12:24:04 PM		
Plate Number:	Plate 1		
Plate ID:			
Barcode:			
Reader Serial Number:	1705168		
Plate Comment:			

Procedure Summary

Plate Type	Greiner 384 SV NoBind AutoMap
Well Selection	Runtime
Eject plate on completion	
Set Temperature	Temperature:  Setpoint 37 °C
Start Kinetic	Start Kinetic [Run 6:00:00, Interval 0:05:00]
Read	Read:  GFP-G70 (F) 485,528
Read	Read:  GFP-Gext (F) 485,528
End Kinetic	End Kinetic
Set Temperature	Temperature:  Off

PURE:GFP-Gext:485,528

Time	T° GFP-Gext:485,528	A1	A2	A3	A4	A5	A6	A7	A8	A9	A10	A11	A12	A13	A14	A15	A16	A17	A18	A19	A20	A21	A22	A23	A24	B1	B2	B3	B4	B5	B6	B7	B8	B9	B10	B11	B12	B13	B14	B15	B16	B17	B18	B19	B20	B21	B22	B23	B24	C1	C2	C3	C4	C5	C6	C7	C8	C9	C10	C11	C12	C13	C14	C15	C16	C17	C18	C19	C20	C21	C22	C23	C24	D1	D2	D3	D4	D5	D6	D7	D8	D9	D10	D11	D12	D13	D14	D15	D16	D17	D18	D19	D20	D21	D22	D23	D24	E1	E2	E3	E4	E5	E6	E7	E8	E9	E10	E11	E12	E13	E14	E15	E16	E17	E18	E19	E20	E21	E22	E23	E24	F1	F2	F3	F4	F5	F6	F7	F8	F9	F10	F11	F12	F13	F14	F15	F16	F17	F18	F19	F20	F21	F22	F23	F24	G1	G2	G3	G4	G5	G6	G7	G8	G9	G10	G11	G12	G13	G14	G15	G16	G17	G18	G19	G20	G21	G22	G23	G24	H1	H2	H3	H4	H5	H6	H7	H8	H9	H10	H11	H12	H13	H14	H15	H16	H17	H18	H19	H20	H21	H22	H23	H24	I1	I2	I3	I4	I5	I6	I7	I8	I9	I10	I11	I12	I13	I14	I15	I16	I17	I18	I19	I20	I21	I22	I23	I24	J1	J2	J3	J4	J5	J6	J7	J8	J9	J10	J11	J12	J13	J14	J15	J16	J17	J18	J19	J20	J21	J22	J23	J24	K1	K2	K3	K4	K5	K6	K7	K8	K9	K10	K11	K12	K13	K14	K15	K16	K17	K18	K19	K20	K21	K22	K23	K24	L1	L2	L3	L4	L5	L6	L7	L8	L9	L10	L11	L12	L13	L14	L15	L16	L17	L18	L19	L20	L21	L22	L23	L24	M1	M2	M3	M4	M5	M6	M7	M8	M9	M10	M11	M12	M13	M14	M15	M16	M17	M18	M19	M20	M21	M22	M23	M24	N1	N2	N3	N4	N5	N6	N7	N8	N9	N10	N11	N12	N13	N14	N15	N16	N17	N18	N19	N20	N21	N22	N23	N24	O1	O2	O3	O4	O5	O6	O7	O8	O9	O10	O11	O12	O13	O14	O15	O16	O17	O18	O19	O20	O21	O22	O23	O24	P1	P2	P3	P4	P5	P6	P7	P8	P9	P10	P11	P12	P13	P14	P15	P16	P17	P18	P19	P20	P21	P22	P23	P24
0:00:33	25.1																										245	99	264	87	286	99	277	102	262	89	251	96	394977												88	82	97	84	94	82	102	102	85	91	86	93	88												267	87	285	105	265	102	311	86	260	92	278	96	414321												102	93	88	106	108	80	86	97	79	90	92	84	91												280	93	266	78	299	84	321	91	264	109	236	106	403004																																																																																																																																																																																																																																																										
0:05:33	31.7																										254	98	261	92	254	86	254	83	274	93	239	82	396832												91	90	93	93	93	95	85	104	104	91	94	69	93												250	101	262	96	282	92	267	88	292	90	280	86	411939												106	96	87	97	94	83	98	80	84	95	94	85	83												273	85	285	78	268	97	282	79	296	88	217	101	400328																																																																																																																																																																																																																																																										
0:10:33	36.5																										249	88	282	90	254	84	258	84	246	95	249	96	392718												80	95	86	94	87	83	92	86	84	83	87	95	90												258	115	271	99	262	77	277	90	253	91	288	90	408034												91	75	82	95	82	85	83	86	91	82	95	91	90												256	85	284	77	269	84	314	85	289	91	229	96	394265																																																																																																																																																																																																																																																										
0:15:33	36.9																										230	81	245	89	252	79	225	70	256	78	224	104	372707												85	95	87	79	87	82	90	92	87	90	92	76	90												260	101	256	92	266	99	307	92	262	92	274	87	396612												82	88	93	83	87	77	87	81	89	83	85	93	83												262	90	285	80	272	75	285	90	286	81	233	85	386367																																																																																																																																																																																																																																																										
0:20:33	37.0																										265	77	279	105	287	78	291	90	290	89	240	89	336758												89	90	79	87	81	93	80	105	94	75	89	87	89												278	83	292	67	303	104	349	75	321	98	291	87	379353												90	93	93	88	102	73	94	77	84	78	90	82	86												300	83	363	85	338	98	355	82	343	86	247	80	373335																																																																																																																																																																																																																																																										
0:25:33	37.1																										746	96	913	90	965	88	920	94	887	82	364	85	333958												79	94	79	80	76	90	93	93	80	77	93	101	75												835	79	1107	89	1094	85	1092	97	1056	90	453	91	373231												95	71	101	94	82	80	99	83	75	74	90	99	88												1004	94	1238	93	1222	81	1240	88	1137	93	393	80	370309																																																																																																																																																																																																																																																										
0:30:33	37.0																										4354	97	5483	89	5374	96	4430	92	5190	92	1323	74	332867												85	93	94	81	85	86	77	101	92	74	92	93	108												5034	100	6454	84	6017	77	5330	94	5851	81	1675	90	374001												95	85	91	90	88	90	88	81	85	87	80	79	83												6015	86	7598	91	7095	91	5879	76	6205	84	1505	76	341266																																																																																																																																																																																																																																																										
0:35:33	37.0																										17592	95	21332	84	20627	71	15057	85	19677	92	5436	87	330088												97	76	91	80	85	83	89	97	69	93	84	100	94												19729	74	24352	76	22448	79	17962	89	21481	74	7013	100	371335												94	87	82	92	79	75	77	90	81	92	92	78	74												22464	84	27375	85	25011	93	19085	92	23281	97	6336	77	337664																																																																																																																																																																																																																																																										
0:40:33	37.0																										46479	86	55000	95	51603	90	35586	81	50290	89	17058	90	328084												70	103	83	92	82	89	89	103	78	97	80	78	79												51949	83	62694	91	56125	111	42522	92	55438	94	21189	81	369392												87	107	87	94	83	87	84	93	76	88	88	73	72												57763	84	67301	93	61124	90	43514	98	58165	82	18870	86	365622																																																																																																																																																																																																																																																										
0:45:33	37.0																										94075	68	107825	89	99681	96	66750	86	97886	86	39610	80	328831												94	83	100	95	78	94	83	92	98	93	71	96	94												102715	95	118263	96	104847	98	78319	85	104588	89	49654	94	371355												90	92	86	91	88	89	95	74	77	82	77	80	97												113722	82	124260	95	111791	82	79185	75	110259	95	43092	85	367328																																																																																																																																																																																																																																																										
0:50:33	37.0																										154473	71	169053	89	154628	88	104255	80	154512	68	76738	88	327864												87	88	74	89	77	83	93	79	90	91	78	78	72												168544	88	185367	103	161972	83	120219	86	164152	82	94080	83	342527												95	92	92	98	83	85	80	87	86	96	80	92	89												184435	93	191615	95	169954	81	121382	79	171387	79	79721	82	339020																																																																																																																																																																																																																																																										
0:55:33	37.0																										221533	82	234470	96	213780	78	144277	80	213530	75	126535	93	325137												92	93	88	76	88	82	84	91	70	91	79	78	78												242449	74	254279	94	223362	80	165875	83	225620	84	154244	95	341826												96	97	89	99	90	83	85	96	91	88	81	92	87												263961	86	260031	98	229294	82	165291	87	235651	77	129149	81	336700																																																																																																																																																																																																																																																										
1:00:33	37.0																										290183	76	302257	93	274680	71	184594	76	274520	85	185566	80	325048												78	81	85	87	78	97	83	92	78	94	85	83	94												314861	97	323612	90	285451	85	212056	78	288561	92	224081	79	343486												87	98	85	90	93	84	88	75	94	82	100	93	90												340687	80	329667	78	291301	92	209600	81	300279	95	188378	82	335738																																																																																																																																																																																																																																																										
1:05:33	37.0																										383458	90	397993	95	361598	93	224771	70	334377	81	252536	85	323303												96	82	94	91	81	90	87	89	100	87	85	92	72												417771	91	422161	91	374522	94	256610	85	378731	86	303853	85	371392												85	100	85	95	97	76	89	91	88	92	83	79	76												451148	90	427307	85	379212	79	251586	84	392064	75	252452	78	337464																																																																																																																																																																																																																																																										
1:10:33	37.0																										449433	90	466830	86	424906	75	264458	75	426783	89	321470	93	320468												80	88	91	82	79	85	93	109	88	80	99	79	74												493189	84	498738	85	440402	84	300918	102	443125	74	415362	80	367354												88	108	90	90	94	85	91	85	87	79	80	82	83												527304	89	500349	86	448291	80	293471	83	457200	83	320019	87	336853																																																																																																																																																																																																																																																										
1:15:33	37.1																										522773	91	538684	77	494479	88	304699	88	490730	72	428071	84	322392												76	83	87	86	77	81	79	85	88	93	79	87	84												563474	96	570118	88	506918	84	371716	81	505979	89	507534	88	368190												76	104	75	94	94	84	79	88	85	86	92	78	87												602234	81	575166	76	510382	88	336842	75	526538	83	419809	97	336267																																																																																																																																																																																																																																																										
1:20:33	37.0																										585276	78	608666	92	556691	76	369750	81	551598	92	504286	76	321820												95	80	74	84	96	87	100	104	82	86	91	97	96												629368	81	639934	68	573968	83	416903	95	570347	94	600088	72	340463												90	86	81	77	77	100	88	90	88	81	84	102	82												676062	95	643337	89	577156	73	407369	75	590638	84	492312	82	336518																																																																																																																																																																																																																																																										
1:25:33	37.0																										649158	90	678664	93	617519	81	410204	81	614022	75	578672	88	320339												87	83	83	81	77	95	77	94	86	90	100	87	80												699073	83	710807	83	636331	92	466681	89	634567	87	685376	94	369057												84	98	84	93	93	61	84	85	76	84	80	84	79												743973	104	713281	84	640378	78	453659	75	654695	92	566594	89	334229																																																																																																																																																																																																																																																										
1:30:33	37.0																										711118	85	744130	95	680693	91	452353	72	674766	88	652003	86	319296												87	100	95	79	90	93	78	100	78	87	102	83	78												763390	97	781403	75	699881	91	509971	87	696602	93	774740	87	340903												83	75	71	74	83	87	85	85	69	73	81	84	83												813447	82	785697	84	705882	82	493905	95	718827	88	633619	82	335576																																																																																																																																																																																																																																																										
1:35:33	37.1																										776480	90	810684	80	746242	80	495542	78	732918	84	723213	86	318819												90	89	86	96	72	86	82	91	86	77	94	85	82												827843	94	849312	75	767269	96	556692	84	758512	76	856712	89	368055												90	80	89	98	84	93	99	86	93	78	75	91	95												881646	84	857820	90	763675	85	537133	92	775178	87	696370	90	336561																																																																																																																																																																																																																																																										
1:40:33	37.1																										836455	76	876482	95	805066	88	535913	86	796362	97	792429	90	319912												79	81	90	78	92	87	90	89	81	88	94	96	83												891939	73	917892	82	828529	88	598262	91	817123	87	935367	84	341595												86	90	81	86	76	90	98	79	88	68	83	80	88												944165	89	923342	88	828932	88	580557	83	838819	89	763140	83	334218																																																																																																																																																																																																																																																										
1:45:33	37.0																										894609	86	947141	71	869016	89	577565	85	852510	81	854646	82	317890												75	99	80	87	76	69	84	97	82	98	86	82	87												955687	92	988614	84	893403	92	646468	97	874462	89	1008295	88	367507												75	85	98	91	73	92	76	94	91	84	97	83	88												1010716	76	993309	86	891228	90	622825	75	899166	88	823786	76	335645																																																																																																																																																																																																																																																										
1:50:33	37.1																										950429	85	1000125	72	921605	82	612626	76	903464	88	917424	81	316119												85	95	93	98	87	89	80	87	93	96	82	80	81												1013573	81	1049258	79	946861	82	687406	87	930503	82	1076935	82	339828												92	88	89	95	76	85	98	86	82	81	77	76	80												1064461	97	1050570	82	948437	69	657702	89	949861	78	872661	77	334657																																																																																																																																																																																																																																																										
1:55:33	36.9																										1005834	87	1065350	75	980343	73	649268	81	956151	81	973001	87	317804												83	72	87	90	79	86	79	93	76	81	82	89	89												1074769	102	1113783	89	1005068	82	726216	83	984045	96	1147241	90	367082												99	87	88	84	76	84	96	76	84	90	84	100	82												1128334	87	1114298	85	1004978	87	698010	85	1009226	79	930203	95	334678																																																																																																																																																																																																																																																										
2:00:33	37.0																										1055805	70	1122483	81	1026705	95	683732	93	1007374	87	1021131	79	316639												92	85	97	96	93	90	90	90	74	80	93	73	85												1127165	88	1168825	96	1061202	86	760969	87	1026272	84	1205464	78	365857												78	90	85	90	92	84	86	86	81	92	80	89	92												1182187	76	1168269	80	1057383	96	728519	84	1054438	86	972594	74	331729																																																																																																																																																																																																																																																										
2:05:33	37.0																										1110449	82	1177175	88	1079225	84	717052	83	1052364	100	1073561	85	316574												83	94	95	83	83	94	83	83	88	74	91	81	78												1174770	98	1226147	82	1108199	93	798155	88	1074208	90	1263542	90	337628												97	85	95	92	78	79	85	87	82	81	81	93	83												1235440	89	1231254	81	1101634	89	764857	85	1102336	74	1022961	82	333824																																																																																																																																																																																																																																																										
2:10:33	37.0																										1154106	77	1229498	85	1125642	95	748319	87	1089949	89	1116927	83	316229												88	87	93	92	75	94	81	92	95	85	91	88	81												1226760	93	1281941	86	1151719	93	833604	81	1116557	90	1312407	89	337739												86	90	86	89	77	72	92	91	90	88	85	80	83												1295014	86	1282633	80	1150017	83	793537	93	1143052	78	1066518	96	334386																																																																																																																																																																																																																																																										
2:15:33	37.1																										1203317	84	1281900	96	1173100	79	775535	85	1127993	74	1162434	84	316477												76	94	88	79	80	86	85	103	95	89	94	75	80												1278800	90	1332348	83	1203939	91	865610	82	1156922	89	1367366	75	367794												82	90	80	91	73	82	97	79	79	86	65	85	81												1343407	86	1334367	85	1196323	86	821414	87	1183924	80	1103202	84	334153																																																																																																																																																																																																																																																										
2:20:33	37.0																										1251536	81	1328070	89	1213928	77	802164	85	1165168	87	1201048	84	315378												83	94	90	76	81	73	85	91	97	93	80	89	95												1325941	101	1382346	81	1248672	93	891073	78	1189725	81	1408061	87	338838												86	85	79	90	98	72	102	81	85	94	91	77	79												1386300	104	1383594	86	1233099	71	847855	78	1216738	86	1135316	85	332688																																																																																																																																																																																																																																																										
2:25:33	37.1																										1292903	92	1380991	74	1253682	87	828664	93	1208165	96	1245599	90	317365												82	106	100	81	85	83	68	98	78	87	90	85	91												1365780	93	1429089	87	1292253	94	917879	87	1226748	83	1453180	94	337523												82	80	78	89	93	83	82	83	89	79	88	92	88												1432785	96	1427885	86	1275965	91	869429	80	1256628	73	1169137	83	333152																																																																																																																																																																																																																																																										
2:30:33	37.0																										1330259	88	1419103	77	1290353	82	849834	91	1231418	81	1268319	79	315584												85	94	88	95	85	82	86	78	86	79	84	78	85												1413101	90	1460902	82	1320890	82	939132	82	1251477	78	1482983	92	336831												79	81	83	75	81	89	81	76	82	80	90	81	93												1473719	95	1468344	71	1305485	77	889382	84	1284580	89	1200219	74	333244																																																																																																																																																																																																																																																										
2:35:33	37.0																										1371550	81	1445350	86	1316183	67	866262	86	1248374	97	1306558	86	316986												82	88	98	92	82	86	88	91	81	96	90	83	84												1448136	92	1503592	88	1350446	92	958883	78	1284545	82	1520163	81	337124												82	62	78	93	82	74	87	73	76	81	83	74	88												1507252	76	1501945	71	1337905	83	902450	102	1302657	80	1224052	96	332915																																																																																																																																																																																																																																																										
2:40:33	37.0																										1400060	82	1485741	70	1342759	93	886580	91	1276521	87	1327835	83	317690												94	87	76	76	91	84	89	88	90	94	83	74	80												1481707	78	1544351	87	1377975	98	980496	82	1302747	68	1552561	78	365709												99	94	78	94	77	80	79	80	88	95	89	80	75												1547767	87	1535266	78	1357844	82	924320	88	1332114	88	1252413	79	332787																																																																																																																																																																																																																																																										
2:45:33	37.0																										1430966	84	1510409	87	1364328	79	896895	71	1299529	77	1356761	85	318195												96	74	93	91	80	91	84	100	87	89	84	72	85												1497705	89	1559643	67	1398909	74	988585	79	1317708	75	1573332	88	336718												84	74	87	97	91	66	92	82	88	82	79	85	92												1573443	85	1552742	78	1384310	93	932106	82	1348843	87	1268970	90	330973																																																																																																																																																																																																																																																										
2:50:33	37.0																										1455153	98	1539799	89	1390884	95	907524	80	1319435	81	1376118	79	318123												70	99	108	82	76	86	80	84	76	87	83	84	83												1530986	82	1584219	83	1424721	76	1006944	85	1339000	77	1593195	84	337212												80	97	80	88	90	84	91	82	79	75	79	82	99												1589470	89	1579352	92	1402766	73	948636	94	1369518	85	1289878	84	333214																																																																																																																																																																																																																																																										
2:55:33	37.0																										1481605	84	1557788	89	1412562	74	925934	87	1338738	97	1399157	92	317723												77	102	91	85	83	79	76	85	88	91	84	78	77												1555737	99	1611962	100	1438355	95	1020062	88	1356872	80	1624135	84	335934												80	84	76	99	89	69	76	81	80	69	78	71	81												1611469	91	1604896	83	1419369	72	954544	91	1385530	83	1315199	79	331840																																																																																																																																																																																																																																																										
3:00:33	37.1																										1496020	76	1588647	89	1429070	75	934510	91	1353966	89	1416195	79	319224												78	83	88	92	77	76	74	78	72	91	76	81	97												1570862	84	1634130	77	1455542	84	1029429	87	1370987	77	1638592	83	337515												77	98	84	74	88	76	78	91	69	83	78	92	90												1636825	72	1623348	86	1435379	84	967330	95	1400540	70	1321462	69	332565																																																																																																																																																																																																																																																										
3:05:33	37.1																										1499945	70	1591003	88	1439429	73	932259	88	1356793	90	1423806	76	316572												88	86	80	90	101	72	103	92	71	85	82	90	82												1582775	98	1633499	82	1461342	91	1041330	76	1381761	86	1651876	75	335927												80	89	85	97	80	77	93	87	88	94	88	81	73												1650255	91	1624042	79	1442932	96	971663	87	1412588	71	1332838	79	331533																																																																																																																																																																																																																																																										
3:10:33	37.0																										1522217	89	1604097	92	1448261	84	945748	88	1371278	99	1433727	91	319887												85	95	87	83	82	82	78	86	88	77	76	85	92												1597455	86	1657381	81	1477525	83	1046320	94	1390415	87	1668657	86	337323												92	87	82	87	89	75	94	95	81	88	95	81	86												1656038	78	1647262	81	1463194	82	975092	88	1422247	70	1344385	96	329607																																																																																																																																																																																																																																																										
3:15:33	37.0																										1534073	81	1616563	73	1463470	96	953117	85	1385308	85	1443378	81	318910												79	99	93	86	82	79	94	91	79	85	85	79	72												1607846	83	1663118	92	1489357	83	1048896	87	1402940	87	1683659	86	336149												89	81	86	82	83	87	85	84	77	84	79	91	74												1664142	78	1659581	79	1475258	85	981905	101	1434410	74	1354389	88	331301																																																																																																																																																																																																																																																										
3:20:33	37.0																										1549301	83	1627800	85	1470962	75	958365	84	1395278	76	1464748	89	319681												76	85	80	91	83	90	96	99	78	100	79	78	91												1625667	96	1679532	90	1500245	82	1058579	87	1422259	74	1696358	85	337014												89	93	73	91	92	83	77	94	76	87	90	78	96												1684471	85	1669378	77	1477247	80	984738	88	1441116	77	1360955	85	331415																																																																																																																																																																																																																																																										
3:25:33	37.0																										1547312	75	1637954	84	1470078	78	958325	89	1394604	80	1466334	83	318543												87	91	83	90	90	87	86	78	88	80	87	82	85												1627016	78	1674394	93	1508829	82	1057527	86	1419355	86	1697100	94	335362												81	88	81	98	81	79	90	84	86	81	83	86	91												1684009	82	1668561	81	1480951	86	992131	81	1445271	95	1369121	91	331145																																																																																																																																																																																																																																																										
3:30:33	37.0																										1564201	94	1644314	80	1484082	85	962752	70	1411512	86	1469760	79	319509												89	87	90	74	68	75	84	93	87	94	93	88	86												1638228	85	1687869	83	1515008	89	1063753	82	1436633	86	1709150	76	335570												89	104	74	89	81	75	84	82	72	75	79	86	81												1695023	88	1680741	81	1489238	89	986898	82	1452274	97	1381826	95	329993																																																																																																																																																																																																																																																										
3:35:33	37.0																										1568832	89	1648554	86	1488796	86	966433	70	1409110	80	1481100	85	320697												79	80	92	82	71	76	76	94	87	88	98	87	74												1642577	84	1691629	83	1510246	88	1067996	75	1435247	86	1712579	92	335635												80	84	80	88	92	82	86	88	74	82	75	82	89												1698856	93	1685101	89	1487915	88	992215	83	1459445	87	1380730	79	330973																																																																																																																																																																																																																																																										
3:40:33	37.0																										1573265	85	1655630	74	1500349	90	971303	79	1413491	92	1488137	88	322373												78	90	85	89	90	68	83	85	91	76	93	77	82												1641244	90	1696779	87	1531256	86	1073362	72	1444072	90	1720604	79	334495												80	78	88	91	92	84	91	88	79	81	76	86	77												1708100	91	1693559	82	1504945	101	999914	77	1466736	93	1388275	81	331233																																																																																																																																																																																																																																																										
3:45:33	37.0																										1577189	81	1657027	80	1501213	80	971085	74	1409878	98	1494336	88	319302												90	90	91	88	76	89	88	73	79	77	84	86	91												1646058	88	1704225	83	1529690	88	1070217	85	1439104	82	1723521	77	335028												73	92	77	87	85	91	80	88	93	89	82	81	81												1705129	80	1696076	75	1504876	76	994816	88	1466503	98	1391042	90	329782																																																																																																																																																																																																																																																										
3:50:33	37.0																										1584165	75	1663914	89	1498427	77	973672	81	1421556	89	1494706	78	320806												97	88	83	85	88	74	88	85	74	84	83	77	97												1657985	86	1709786	89	1529975	75	1080764	79	1441011	79	1734293	79	334904												85	94	86	97	93	89	85	81	100	84	79	83	84												1711428	84	1707626	77	1508801	99	999021	85	1472013	80	1390935	83	329995																																																																																																																																																																																																																																																										
3:55:33	37.0																										1579480	87	1667455	83	1504285	79	971523	90	1429335	95	1496686	80	319975												71	81	86	78	88	88	84	92	91	80	68	84	87												1661475	84	1702065	78	1529385	76	1079290	79	1444994	88	1735157	75	335164												82	80	65	79	81	94	82	89	67	80	82	85	81												1708732	100	1706665	84	1511908	83	994894	84	1473064	82	1396608	80	328846																																																																																																																																																																																																																																																										
4:00:33	37.0																										1584523	72	1670009	73	1513289	82	973548	81	1428628	80	1502508	78	321025												94	85	93	78	88	81	82	84	73	78	80	79	86												1665482	88	1705597	83	1537318	74	1076638	87	1442708	78	1737332	69	335301												72	77	75	93	89	74	99	90	73	84	79	76	74												1714789	75	1701641	76	1514182	69	999294	78	1474008	86	1403796	86	329266																																																																																																																																																																																																																																																										
4:05:33	37.1																										1593026	97	1679488	82	1515716	79	977410	81	1431050	81	1495373	91	321538												67	84	85	88	89	86	78	99	95	88	71	83	86												1670903	97	1715393	80	1542945	73	1082372	84	1453072	96	1738414	81	334943												82	83	83	87	87	77	87	78	82	85	93	81	84												1714338	102	1712627	77	1514301	78	998294	85	1485856	73	1401747	86	329018																																																																																																																																																																																																																																																										
4:10:33	37.1																										1603790	77	1685359	87	1519945	74	983847	72	1442382	83	1507814	82	323571												79	87	83	80	85	94	88	97	88	80	86	91	91												1676428	89	1722997	93	1545360	77	1081354	81	1459865	99	1744532	80	335731												75	73	82	87	79	83	90	77	67	90	99	81	75												1730533	102	1721160	81	1523954	101	1003327	87	1491915	82	1413631	105	330586																																																																																																																																																																																																																																																										
4:15:33	37.0																										1594360	82	1678379	88	1517334	69	975080	87	1429649	77	1509267	83	321898												75	93	86	84	78	80	98	92	88	78	80	93	89												1667771	89	1721070	82	1547649	87	1080476	77	1456232	83	1748141	81	334427												84	80	92	87	92	93	70	77	71	81	84	87	89												1723096	89	1715366	89	1520500	75	1002768	76	1484357	73	1408315	77	328345																																																																																																																																																																																																																																																										
4:20:33	37.0																										1596001	72	1684230	81	1521128	84	980668	80	1433324	88	1508025	80	321424												81	86	86	89	92	88	92	90	101	87	100	88	102												1676489	88	1721347	82	1546561	89	1081914	87	1452615	80	1743232	72	333042												82	94	78	77	85	82	95	79	87	76	82	72	89												1733823	91	1719468	91	1527143	76	1006496	91	1488252	82	1408621	90	329682																																																																																																																																																																																																																																																										
4:25:33	37.0																										1601401	84	1683735	92	1527843	76	981671	85	1441391	92	1518859	89	321979												78	85	96	79	78	86	86	92	89	82	103	82	88												1670092	81	1720673	102	1556223	81	1081479	71	1458109	72	1748119	81	334458												99	93	84	82	98	87	79	75	87	79	87	86	89												1726096	92	1720249	85	1522229	86	1001542	84	1492571	66	1407795	88	329541																																																																																																																																																																																																																																																										
4:30:33	37.0																										1598694	79	1688415	82	1526525	80	986247	76	1442295	87	1513839	82	322648												83	84	87	80	91	89	77	83	89	84	83	70	84												1671090	93	1728098	70	1549083	85	1085459	93	1460966	90	1759099	82	332417												86	85	87	92	76	78	88	83	77	94	80	97	77												1732408	75	1726193	89	1528550	83	1004463	95	1493775	94	1407304	89	327860																																																																																																																																																																																																																																																										
4:35:33	37.0																										1613953	86	1691245	82	1535074	88	981577	94	1446093	90	1520671	73	323548												83	75	103	81	86	84	91	97	82	97	71	75	75												1696708	82	1737792	94	1556123	93	1095059	88	1472082	84	1753757	87	334766												84	89	77	84	92	79	74	94	80	94	82	83	70												1743809	86	1729849	75	1536019	80	1009339	74	1495549	90	1419500	75	328268																																																																																																																																																																																																																																																										
4:40:33	37.0																										1615443	78	1698958	94	1532147	82	986155	78	1449100	86	1526281	69	326513												74	91	93	91	84	78	86	89	77	79	79	75	87												1696652	87	1733582	90	1565198	83	1087505	88	1469313	83	1759796	78	332724												90	79	75	81	85	82	87	85	93	86	79	91	85												1740802	99	1733277	82	1532931	98	1008740	85	1503271	72	1428770	87	328877																																																																																																																																																																																																																																																										
4:45:33	37.0																										1609290	77	1691782	82	1527821	72	984723	78	1448741	72	1521920	82	324797												86	86	75	90	80	94	79	79	83	88	79	82	86												1685191	85	1732516	74	1555633	76	1091011	82	1469077	89	1760361	80	332726												88	83	78	91	88	85	89	83	81	77	85	92	83												1734096	82	1733107	79	1536568	90	1009211	82	1500617	71	1420137	84	328955																																																																																																																																																																																																																																																										
4:50:33	37.0																										1606187	89	1698867	88	1527126	84	984660	90	1445698	74	1522477	90	323575												89	80	81	85	82	88	80	74	91	78	72	92	83												1692988	87	1735337	77	1559230	82	1090665	89	1467612	87	1756591	78	334856												94	87	93	88	93	67	82	79	90	90	85	79	88												1737075	94	1733641	92	1533431	87	1009080	79	1504171	75	1416119	75	327031																																																																																																																																																																																																																																																										
4:55:33	37.0																										1608135	80	1701511	84	1531357	75	985495	68	1447335	92	1530290	98	324032												84	84	72	78	77	78	84	92	99	87	85	93	75												1695796	79	1732181	87	1561897	82	1087970	80	1462340	76	1761544	101	331923												85	90	80	84	87	72	80	91	79	89	71	87	83												1738913	95	1736895	90	1544517	91	1010267	90	1503001	78	1422804	81	328101																																																																																																																																																																																																																																																										
5:00:33	37.0																										1617975	83	1699264	73	1542902	87	987274	78	1453009	76	1531354	82	326719												69	87	78	65	83	97	80	99	88	95	80	74	72												1694627	87	1747786	74	1572642	73	1094769	81	1473183	80	1762394	85	334228												91	95	89	88	81	69	86	94	74	73	82	77	91												1753698	82	1744326	78	1544388	88	1011361	91	1504386	62	1425073	80	328401																																																																																																																																																																																																																																																										
5:05:33	37.1																										1621589	90	1700452	81	1538853	84	985629	92	1452152	72	1524600	79	324804												75	77	92	81	87	76	81	91	70	90	86	76	81												1697065	102	1749480	84	1560672	90	1091312	85	1478353	81	1760296	82	332017												86	84	89	81	85	82	85	71	79	88	79	87	70												1748138	94	1745032	83	1538936	85	1010240	80	1510955	92	1424528	71	328262																																																																																																																																																																																																																																																										
5:10:33	37.1																										1618742	82	1703889	87	1538869	88	990493	79	1457901	82	1525879	72	325882												71	96	79	85	81	75	85	97	90	76	64	82	80												1692414	84	1746196	99	1566217	89	1099586	80	1481812	86	1769016	78	333211												84	102	79	95	76	89	79	86	86	89	90	74	67												1753411	93	1736422	92	1542266	69	1012334	80	1504705	82	1426484	82	327132																																																																																																																																																																																																																																																										
5:15:33	37.0																										1622988	74	1715960	93	1540921	84	990960	82	1464914	86	1536549	80	324680												88	90	84	73	81	85	97	95	85	81	98	100	80												1703196	82	1750132	79	1576551	75	1095981	90	1480429	79	1766032	94	333872												84	86	83	80	76	91	69	77	71	86	79	89	97												1750023	89	1743660	79	1549062	83	1014517	80	1514238	92	1430916	93	328137																																																																																																																																																																																																																																																										
5:20:33	37.0																										1623690	86	1711734	91	1545791	69	988704	77	1460897	84	1532967	66	325872												83	79	92	87	78	88	85	85	90	78	83	85	80												1693214	104	1744059	76	1570228	77	1093370	81	1473000	76	1759794	86	331849												87	89	90	80	86	80	92	81	88	85	89	78	96												1752311	86	1746220	83	1548382	82	1013273	89	1512275	83	1427269	81	325486																																																																																																																																																																																																																																																										
5:25:33	37.0																										1626133	79	1713145	83	1542441	82	988737	82	1460288	77	1532489	77	325861												82	85	91	85	73	83	77	91	92	84	87	81	87												1699227	92	1743948	78	1571668	86	1090529	95	1475881	81	1756946	85	332182												81	86	72	72	91	74	97	89	89	81	85	77	77												1748669	76	1742563	74	1547457	73	1013036	75	1510820	86	1431110	95	327050																																																																																																																																																																																																																																																										
5:30:33	37.0																										1623401	81	1706841	87	1539797	66	991580	83	1454027	79	1532364	83	328286												81	88	90	78	90	78	97	88	71	98	87	86	86												1706105	102	1749794	78	1571691	82	1099643	94	1485326	93	1768790	87	331557												90	90	81	66	85	82	74	70	94	88	92	80	87												1751728	89	1749022	83	1550776	87	1007933	87	1514578	83	1431075	79	327033																																																																																																																																																																																																																																																										
5:35:33	37.0																										1623858	86	1707346	88	1545747	89	993885	80	1459557	85	1532191	92	325707												80	89	95	82	82	75	80	96	77	90	80	90	80												1703184	81	1747475	87	1573524	92	1099153	85	1484619	86	1766280	82	332532												81	79	84	71	84	82	92	77	79	77	69	72	84												1748623	88	1753491	76	1548472	73	1011760	84	1511528	89	1427262	78	327931																																																																																																																																																																																																																																																										
5:40:33	37.0																										1624487	91	1718044	89	1552196	83	993840	83	1463720	79	1536167	83	325672												82	74	81	84	91	95	95	88	78	85	87	85	78												1709488	90	1746406	79	1580280	82	1097268	83	1481359	79	1761765	81	330788												87	78	76	81	87	99	100	82	90	76	82	74	83												1757127	86	1747144	92	1548379	80	1015455	78	1513637	80	1431894	74	327056																																																																																																																																																																																																																																																										
5:45:33	37.0																										1626797	84	1717984	79	1554723	81	995733	86	1464851	81	1535446	82	327253												88	85	88	83	89	75	78	102	88	83	68	81	78												1707733	81	1753022	78	1579139	87	1103796	72	1481275	83	1771553	96	330796												85	86	73	89	86	96	77	74	89	77	75	67	88												1753592	82	1755506	79	1552943	86	1015607	84	1514977	83	1429538	80	328252																																																																																																																																																																																																																																																										
5:50:33	37.0																										1633558	85	1707239	85	1549439	87	995925	69	1460066	77	1538742	76	327642												82	86	76	91	86	78	88	87	94	70	85	77	84												1704580	75	1749455	87	1572490	79	1098483	86	1483218	82	1779247	88	333036												89	78	80	72	82	82	81	75	89	82	92	81	74												1762940	96	1750001	83	1553551	87	1016556	77	1518815	86	1430291	85	327577																																																																																																																																																																																																																																																										
5:55:33	37.0																										1629708	88	1715495	86	1552501	84	994603	85	1462065	70	1535923	73	328301												69	66	89	83	91	76	92	84	78	76	81	82	82												1708579	94	1759857	83	1577301	88	1099754	66	1481299	74	1767095	83	330629												83	86	85	83	80	93	70	93	86	83	78	89	87												1752607	83	1753709	76	1552719	79	1007200	77	1514866	94	1434486	84	326311																																																																																																																																																																																																																																																										
6:00:33	37.0																										1637856	93	1723620	78	1558052	79	992961	72	1469592	76	1534373	76	327068												92	85	86	71	71	76	72	89	92	87	79	85	83												1714499	103	1757355	87	1580447	76	1104978	78	1489137	89	1770824	75	331537												91	106	85	86	94	90	81	89	99	88	86	79	73												1755862	87	1759238	90	1552364	79	1010562	75	1521784	75	1430595	86	326837																																																																																																																																																																																																																																																										

CDK

	Protocol		PURE Timeseries
Experiment File Name:	20251111-122213-cytation5-pure-timecourse-gfp-MFG-98-tRNA-QC.xpt		
Experiment File Path:	C:\Users\bnext\Documents\Biotek\experiments\20251111-122213-cytation5-pure-timecourse-gfp-MFG-98-tRNA-QC.xpt		
Protocol File Path:	C:\Users\bnext\Documents\Biotek\protocols\cytation5_protocols\cytation5-pure-timecourse-gfp.prt		
Protocol File Name:	cytation5-pure-timecourse-gfp		
Reading Date/Time:	11/11/2025 12:24:04 PM		
Plate Number:	Plate 1		
Plate ID:			
Barcode:			
Reader Serial Number:	1705168		
Plate Comment:			

Procedure Summary

Plate Type	Greiner 384 SV NoBind AutoMap
Well Selection	Runtime
Eject plate on completion	
Set Temperature	Temperature:  Setpoint 37 °C
Start Kinetic	Start Kinetic [Run 6:00:00, Interval 0:05:00]
Read	Read:  GFP-G70 (F) 485,528
Read	Read:  GFP-Gext (F) 485,528
End Kinetic	End Kinetic
Set Temperature	Temperature:  Off

PURE:GFP-Gext:485,528

Time	T° GFP-Gext:485,528	A1	A2	A3	A4	A5	A6	A7	A8	A9	A10	A11	A12	A13	A14	A15	A16	A17	A18	A19	A20	A21	A22	A23	A24	B1	B2	B3	B4	B5	B6	B7	B8	B9	B10	B11	B12	B13	B14	B15	B16	B17	B18	B19	B20	B21	B22	B23	B24	C1	C2	C3	C4	C5	C6	C7	C8	C9	C10	C11	C12	C13	C14	C15	C16	C17	C18	C19	C20	C21	C22	C23	C24	D1	D2	D3	D4	D5	D6	D7	D8	D9	D10	D11	D12	D13	D14	D15	D16	D17	D18	D19	D20	D21	D22	D23	D24	E1	E2	E3	E4	E5	E6	E7	E8	E9	E10	E11	E12	E13	E14	E15	E16	E17	E18	E19	E20	E21	E22	E23	E24	F1	F2	F3	F4	F5	F6	F7	F8	F9	F10	F11	F12	F13	F14	F15	F16	F17	F18	F19	F20	F21	F22	F23	F24	G1	G2	G3	G4	G5	G6	G7	G8	G9	G10	G11	G12	G13	G14	G15	G16	G17	G18	G19	G20	G21	G22	G23	G24	H1	H2	H3	H4	H5	H6	H7	H8	H9	H10	H11	H12	H13	H14	H15	H16	H17	H18	H19	H20	H21	H22	H23	H24	I1	I2	I3	I4	I5	I6	I7	I8	I9	I10	I11	I12	I13	I14	I15	I16	I17	I18	I19	I20	I21	I22	I23	I24	J1	J2	J3	J4	J5	J6	J7	J8	J9	J10	J11	J12	J13	J14	J15	J16	J17	J18	J19	J20	J21	J22	J23	J24	K1	K2	K3	K4	K5	K6	K7	K8	K9	K10	K11	K12	K13	K14	K15	K16	K17	K18	K19	K20	K21	K22	K23	K24	L1	L2	L3	L4	L5	L6	L7	L8	L9	L10	L11	L12	L13	L14	L15	L16	L17	L18	L19	L20	L21	L22	L23	L24	M1	M2	M3	M4	M5	M6	M7	M8	M9	M10	M11	M12	M13	M14	M15	M16	M17	M18	M19	M20	M21	M22	M23	M24	N1	N2	N3	N4	N5	N6	N7	N8	N9	N10	N11	N12	N13	N14	N15	N16	N17	N18	N19	N20	N21	N22	N23	N24	O1	O2	O3	O4	O5	O6	O7	O8	O9	O10	O11	O12	O13	O14	O15	O16	O17	O18	O19	O20	O21	O22	O23	O24	P1	P2	P3	P4	P5	P6	P7	P8	P9	P10	P11	P12	P13	P14	P15	P16	P17	P18	P19	P20	P21	P22	P23	P24
0:00:33	25.1																										245	99	264	87	286	99	277	102	262	89	251	96	394977												88	82	97	84	94	82	102	102	85	91	86	93	88												267	87	285	105	265	102	311	86	260	92	278	96	414321												102	93	88	106	108	80	86	97	79	90	92	84	91												280	93	266	78	299	84	321	91	264	109	236	106	403004																																																																																																																																																																																																																																																										
0:05:33	31.7																										254	98	261	92	254	86	254	83	274	93	239	82	396832												91	90	93	93	93	95	85	104	104	91	94	69	93												250	101	262	96	282	92	267	88	292	90	280	86	411939												106	96	87	97	94	83	98	80	84	95	94	85	83												273	85	285	78	268	97	282	79	296	88	217	101	400328																																																																																																																																																																																																																																																										
0:10:33	36.5																										249	88	282	90	254	84	258	84	246	95	249	96	392718												80	95	86	94	87	83	92	86	84	83	87	95	90												258	115	271	99	262	77	277	90	253	91	288	90	408034												91	75	82	95	82	85	83	86	91	82	95	91	90												256	85	284	77	269	84	314	85	289	91	229	96	394265																																																																																																																																																																																																																																																										
0:15:33	36.9																										230	81	245	89	252	79	225	70	256	78	224	104	372707												85	95	87	79	87	82	90	92	87	90	92	76	90												260	101	256	92	266	99	307	92	262	92	274	87	396612												82	88	93	83	87	77	87	81	89	83	85	93	83												262	90	285	80	272	75	285	90	286	81	233	85	386367																																																																																																																																																																																																																																																										
0:20:33	37.0																										265	77	279	105	287	78	291	90	290	89	240	89	336758												89	90	79	87	81	93	80	105	94	75	89	87	89												278	83	292	67	303	104	349	75	321	98	291	87	379353												90	93	93	88	102	73	94	77	84	78	90	82	86												300	83	363	85	338	98	355	82	343	86	247	80	373335																																																																																																																																																																																																																																																										
0:25:33	37.1																										746	96	913	90	965	88	920	94	887	82	364	85	333958												79	94	79	80	76	90	93	93	80	77	93	101	75												835	79	1107	89	1094	85	1092	97	1056	90	453	91	373231												95	71	101	94	82	80	99	83	75	74	90	99	88												1004	94	1238	93	1222	81	1240	88	1137	93	393	80	370309																																																																																																																																																																																																																																																										
0:30:33	37.0																										4354	97	5483	89	5374	96	4430	92	5190	92	1323	74	332867												85	93	94	81	85	86	77	101	92	74	92	93	108												5034	100	6454	84	6017	77	5330	94	5851	81	1675	90	374001												95	85	91	90	88	90	88	81	85	87	80	79	83												6015	86	7598	91	7095	91	5879	76	6205	84	1505	76	341266																																																																																																																																																																																																																																																										
0:35:33	37.0																										17592	95	21332	84	20627	71	15057	85	19677	92	5436	87	330088												97	76	91	80	85	83	89	97	69	93	84	100	94												19729	74	24352	76	22448	79	17962	89	21481	74	7013	100	371335												94	87	82	92	79	75	77	90	81	92	92	78	74												22464	84	27375	85	25011	93	19085	92	23281	97	6336	77	337664																																																																																																																																																																																																																																																										
0:40:33	37.0																										46479	86	55000	95	51603	90	35586	81	50290	89	17058	90	328084												70	103	83	92	82	89	89	103	78	97	80	78	79												51949	83	62694	91	56125	111	42522	92	55438	94	21189	81	369392												87	107	87	94	83	87	84	93	76	88	88	73	72												57763	84	67301	93	61124	90	43514	98	58165	82	18870	86	365622																																																																																																																																																																																																																																																										
0:45:33	37.0																										94075	68	107825	89	99681	96	66750	86	97886	86	39610	80	328831												94	83	100	95	78	94	83	92	98	93	71	96	94												102715	95	118263	96	104847	98	78319	85	104588	89	49654	94	371355												90	92	86	91	88	89	95	74	77	82	77	80	97												113722	82	124260	95	111791	82	79185	75	110259	95	43092	85	367328																																																																																																																																																																																																																																																										
0:50:33	37.0																										154473	71	169053	89	154628	88	104255	80	154512	68	76738	88	327864												87	88	74	89	77	83	93	79	90	91	78	78	72												168544	88	185367	103	161972	83	120219	86	164152	82	94080	83	342527												95	92	92	98	83	85	80	87	86	96	80	92	89												184435	93	191615	95	169954	81	121382	79	171387	79	79721	82	339020																																																																																																																																																																																																																																																										
0:55:33	37.0																										221533	82	234470	96	213780	78	144277	80	213530	75	126535	93	325137												92	93	88	76	88	82	84	91	70	91	79	78	78												242449	74	254279	94	223362	80	165875	83	225620	84	154244	95	341826												96	97	89	99	90	83	85	96	91	88	81	92	87												263961	86	260031	98	229294	82	165291	87	235651	77	129149	81	336700																																																																																																																																																																																																																																																										
1:00:33	37.0																										290183	76	302257	93	274680	71	184594	76	274520	85	185566	80	325048												78	81	85	87	78	97	83	92	78	94	85	83	94												314861	97	323612	90	285451	85	212056	78	288561	92	224081	79	343486												87	98	85	90	93	84	88	75	94	82	100	93	90												340687	80	329667	78	291301	92	209600	81	300279	95	188378	82	335738																																																																																																																																																																																																																																																										
1:05:33	37.0																										383458	90	397993	95	361598	93	224771	70	334377	81	252536	85	323303												96	82	94	91	81	90	87	89	100	87	85	92	72												417771	91	422161	91	374522	94	256610	85	378731	86	303853	85	371392												85	100	85	95	97	76	89	91	88	92	83	79	76												451148	90	427307	85	379212	79	251586	84	392064	75	252452	78	337464																																																																																																																																																																																																																																																										
1:10:33	37.0																										449433	90	466830	86	424906	75	264458	75	426783	89	321470	93	320468												80	88	91	82	79	85	93	109	88	80	99	79	74												493189	84	498738	85	440402	84	300918	102	443125	74	415362	80	367354												88	108	90	90	94	85	91	85	87	79	80	82	83												527304	89	500349	86	448291	80	293471	83	457200	83	320019	87	336853																																																																																																																																																																																																																																																										
1:15:33	37.1																										522773	91	538684	77	494479	88	304699	88	490730	72	428071	84	322392												76	83	87	86	77	81	79	85	88	93	79	87	84												563474	96	570118	88	506918	84	371716	81	505979	89	507534	88	368190												76	104	75	94	94	84	79	88	85	86	92	78	87												602234	81	575166	76	510382	88	336842	75	526538	83	419809	97	336267																																																																																																																																																																																																																																																										
1:20:33	37.0																										585276	78	608666	92	556691	76	369750	81	551598	92	504286	76	321820												95	80	74	84	96	87	100	104	82	86	91	97	96												629368	81	639934	68	573968	83	416903	95	570347	94	600088	72	340463												90	86	81	77	77	100	88	90	88	81	84	102	82												676062	95	643337	89	577156	73	407369	75	590638	84	492312	82	336518																																																																																																																																																																																																																																																										
1:25:33	37.0																										649158	90	678664	93	617519	81	410204	81	614022	75	578672	88	320339												87	83	83	81	77	95	77	94	86	90	100	87	80												699073	83	710807	83	636331	92	466681	89	634567	87	685376	94	369057												84	98	84	93	93	61	84	85	76	84	80	84	79												743973	104	713281	84	640378	78	453659	75	654695	92	566594	89	334229																																																																																																																																																																																																																																																										
1:30:33	37.0																										711118	85	744130	95	680693	91	452353	72	674766	88	652003	86	319296												87	100	95	79	90	93	78	100	78	87	102	83	78												763390	97	781403	75	699881	91	509971	87	696602	93	774740	87	340903												83	75	71	74	83	87	85	85	69	73	81	84	83												813447	82	785697	84	705882	82	493905	95	718827	88	633619	82	335576																																																																																																																																																																																																																																																										
1:35:33	37.1																										776480	90	810684	80	746242	80	495542	78	732918	84	723213	86	318819												90	89	86	96	72	86	82	91	86	77	94	85	82												827843	94	849312	75	767269	96	556692	84	758512	76	856712	89	368055												90	80	89	98	84	93	99	86	93	78	75	91	95												881646	84	857820	90	763675	85	537133	92	775178	87	696370	90	336561																																																																																																																																																																																																																																																										
1:40:33	37.1																										836455	76	876482	95	805066	88	535913	86	796362	97	792429	90	319912												79	81	90	78	92	87	90	89	81	88	94	96	83												891939	73	917892	82	828529	88	598262	91	817123	87	935367	84	341595												86	90	81	86	76	90	98	79	88	68	83	80	88												944165	89	923342	88	828932	88	580557	83	838819	89	763140	83	334218																																																																																																																																																																																																																																																										
1:45:33	37.0																										894609	86	947141	71	869016	89	577565	85	852510	81	854646	82	317890												75	99	80	87	76	69	84	97	82	98	86	82	87												955687	92	988614	84	893403	92	646468	97	874462	89	1008295	88	367507												75	85	98	91	73	92	76	94	91	84	97	83	88												1010716	76	993309	86	891228	90	622825	75	899166	88	823786	76	335645																																																																																																																																																																																																																																																										
1:50:33	37.1																										950429	85	1000125	72	921605	82	612626	76	903464	88	917424	81	316119												85	95	93	98	87	89	80	87	93	96	82	80	81												1013573	81	1049258	79	946861	82	687406	87	930503	82	1076935	82	339828												92	88	89	95	76	85	98	86	82	81	77	76	80												1064461	97	1050570	82	948437	69	657702	89	949861	78	872661	77	334657																																																																																																																																																																																																																																																										
1:55:33	36.9																										1005834	87	1065350	75	980343	73	649268	81	956151	81	973001	87	317804												83	72	87	90	79	86	79	93	76	81	82	89	89												1074769	102	1113783	89	1005068	82	726216	83	984045	96	1147241	90	367082												99	87	88	84	76	84	96	76	84	90	84	100	82												1128334	87	1114298	85	1004978	87	698010	85	1009226	79	930203	95	334678																																																																																																																																																																																																																																																										
2:00:33	37.0																										1055805	70	1122483	81	1026705	95	683732	93	1007374	87	1021131	79	316639												92	85	97	96	93	90	90	90	74	80	93	73	85												1127165	88	1168825	96	1061202	86	760969	87	1026272	84	1205464	78	365857												78	90	85	90	92	84	86	86	81	92	80	89	92												1182187	76	1168269	80	1057383	96	728519	84	1054438	86	972594	74	331729																																																																																																																																																																																																																																																										
2:05:33	37.0																										1110449	82	1177175	88	1079225	84	717052	83	1052364	100	1073561	85	316574												83	94	95	83	83	94	83	83	88	74	91	81	78												1174770	98	1226147	82	1108199	93	798155	88	1074208	90	1263542	90	337628												97	85	95	92	78	79	85	87	82	81	81	93	83												1235440	89	1231254	81	1101634	89	764857	85	1102336	74	1022961	82	333824																																																																																																																																																																																																																																																										
2:10:33	37.0																										1154106	77	1229498	85	1125642	95	748319	87	1089949	89	1116927	83	316229												88	87	93	92	75	94	81	92	95	85	91	88	81												1226760	93	1281941	86	1151719	93	833604	81	1116557	90	1312407	89	337739												86	90	86	89	77	72	92	91	90	88	85	80	83												1295014	86	1282633	80	1150017	83	793537	93	1143052	78	1066518	96	334386																																																																																																																																																																																																																																																										
2:15:33	37.1																										1203317	84	1281900	96	1173100	79	775535	85	1127993	74	1162434	84	316477												76	94	88	79	80	86	85	103	95	89	94	75	80												1278800	90	1332348	83	1203939	91	865610	82	1156922	89	1367366	75	367794												82	90	80	91	73	82	97	79	79	86	65	85	81												1343407	86	1334367	85	1196323	86	821414	87	1183924	80	1103202	84	334153																																																																																																																																																																																																																																																										
2:20:33	37.0																										1251536	81	1328070	89	1213928	77	802164	85	1165168	87	1201048	84	315378												83	94	90	76	81	73	85	91	97	93	80	89	95												1325941	101	1382346	81	1248672	93	891073	78	1189725	81	1408061	87	338838												86	85	79	90	98	72	102	81	85	94	91	77	79												1386300	104	1383594	86	1233099	71	847855	78	1216738	86	1135316	85	332688																																																																																																																																																																																																																																																										
2:25:33	37.1																										1292903	92	1380991	74	1253682	87	828664	93	1208165	96	1245599	90	317365												82	106	100	81	85	83	68	98	78	87	90	85	91												1365780	93	1429089	87	1292253	94	917879	87	1226748	83	1453180	94	337523												82	80	78	89	93	83	82	83	89	79	88	92	88												1432785	96	1427885	86	1275965	91	869429	80	1256628	73	1169137	83	333152																																																																																																																																																																																																																																																										
2:30:33	37.0																										1330259	88	1419103	77	1290353	82	849834	91	1231418	81	1268319	79	315584												85	94	88	95	85	82	86	78	86	79	84	78	85												1413101	90	1460902	82	1320890	82	939132	82	1251477	78	1482983	92	336831												79	81	83	75	81	89	81	76	82	80	90	81	93												1473719	95	1468344	71	1305485	77	889382	84	1284580	89	1200219	74	333244																																																																																																																																																																																																																																																										
2:35:33	37.0																										1371550	81	1445350	86	1316183	67	866262	86	1248374	97	1306558	86	316986												82	88	98	92	82	86	88	91	81	96	90	83	84												1448136	92	1503592	88	1350446	92	958883	78	1284545	82	1520163	81	337124												82	62	78	93	82	74	87	73	76	81	83	74	88												1507252	76	1501945	71	1337905	83	902450	102	1302657	80	1224052	96	332915																																																																																																																																																																																																																																																										
2:40:33	37.0																										1400060	82	1485741	70	1342759	93	886580	91	1276521	87	1327835	83	317690												94	87	76	76	91	84	89	88	90	94	83	74	80												1481707	78	1544351	87	1377975	98	980496	82	1302747	68	1552561	78	365709												99	94	78	94	77	80	79	80	88	95	89	80	75												1547767	87	1535266	78	1357844	82	924320	88	1332114	88	1252413	79	332787																																																																																																																																																																																																																																																										
2:45:33	37.0																										1430966	84	1510409	87	1364328	79	896895	71	1299529	77	1356761	85	318195												96	74	93	91	80	91	84	100	87	89	84	72	85												1497705	89	1559643	67	1398909	74	988585	79	1317708	75	1573332	88	336718												84	74	87	97	91	66	92	82	88	82	79	85	92												1573443	85	1552742	78	1384310	93	932106	82	1348843	87	1268970	90	330973																																																																																																																																																																																																																																																										
2:50:33	37.0																										1455153	98	1539799	89	1390884	95	907524	80	1319435	81	1376118	79	318123												70	99	108	82	76	86	80	84	76	87	83	84	83												1530986	82	1584219	83	1424721	76	1006944	85	1339000	77	1593195	84	337212												80	97	80	88	90	84	91	82	79	75	79	82	99												1589470	89	1579352	92	1402766	73	948636	94	1369518	85	1289878	84	333214																																																																																																																																																																																																																																																										
2:55:33	37.0																										1481605	84	1557788	89	1412562	74	925934	87	1338738	97	1399157	92	317723												77	102	91	85	83	79	76	85	88	91	84	78	77												1555737	99	1611962	100	1438355	95	1020062	88	1356872	80	1624135	84	335934												80	84	76	99	89	69	76	81	80	69	78	71	81												1611469	91	1604896	83	1419369	72	954544	91	1385530	83	1315199	79	331840																																																																																																																																																																																																																																																										
3:00:33	37.1																										1496020	76	1588647	89	1429070	75	934510	91	1353966	89	1416195	79	319224												78	83	88	92	77	76	74	78	72	91	76	81	97												1570862	84	1634130	77	1455542	84	1029429	87	1370987	77	1638592	83	337515												77	98	84	74	88	76	78	91	69	83	78	92	90												1636825	72	1623348	86	1435379	84	967330	95	1400540	70	1321462	69	332565																																																																																																																																																																																																																																																										
3:05:33	37.1																										1499945	70	1591003	88	1439429	73	932259	88	1356793	90	1423806	76	316572												88	86	80	90	101	72	103	92	71	85	82	90	82												1582775	98	1633499	82	1461342	91	1041330	76	1381761	86	1651876	75	335927												80	89	85	97	80	77	93	87	88	94	88	81	73												1650255	91	1624042	79	1442932	96	971663	87	1412588	71	1332838	79	331533																																																																																																																																																																																																																																																										
3:10:33	37.0																										1522217	89	1604097	92	1448261	84	945748	88	1371278	99	1433727	91	319887												85	95	87	83	82	82	78	86	88	77	76	85	92												1597455	86	1657381	81	1477525	83	1046320	94	1390415	87	1668657	86	337323												92	87	82	87	89	75	94	95	81	88	95	81	86												1656038	78	1647262	81	1463194	82	975092	88	1422247	70	1344385	96	329607																																																																																																																																																																																																																																																										
3:15:33	37.0																										1534073	81	1616563	73	1463470	96	953117	85	1385308	85	1443378	81	318910												79	99	93	86	82	79	94	91	79	85	85	79	72												1607846	83	1663118	92	1489357	83	1048896	87	1402940	87	1683659	86	336149												89	81	86	82	83	87	85	84	77	84	79	91	74												1664142	78	1659581	79	1475258	85	981905	101	1434410	74	1354389	88	331301																																																																																																																																																																																																																																																										
3:20:33	37.0																										1549301	83	1627800	85	1470962	75	958365	84	1395278	76	1464748	89	319681												76	85	80	91	83	90	96	99	78	100	79	78	91												1625667	96	1679532	90	1500245	82	1058579	87	1422259	74	1696358	85	337014												89	93	73	91	92	83	77	94	76	87	90	78	96												1684471	85	1669378	77	1477247	80	984738	88	1441116	77	1360955	85	331415																																																																																																																																																																																																																																																										
3:25:33	37.0																										1547312	75	1637954	84	1470078	78	958325	89	1394604	80	1466334	83	318543												87	91	83	90	90	87	86	78	88	80	87	82	85												1627016	78	1674394	93	1508829	82	1057527	86	1419355	86	1697100	94	335362												81	88	81	98	81	79	90	84	86	81	83	86	91												1684009	82	1668561	81	1480951	86	992131	81	1445271	95	1369121	91	331145																																																																																																																																																																																																																																																										
3:30:33	37.0																										1564201	94	1644314	80	1484082	85	962752	70	1411512	86	1469760	79	319509												89	87	90	74	68	75	84	93	87	94	93	88	86												1638228	85	1687869	83	1515008	89	1063753	82	1436633	86	1709150	76	335570												89	104	74	89	81	75	84	82	72	75	79	86	81												1695023	88	1680741	81	1489238	89	986898	82	1452274	97	1381826	95	329993																																																																																																																																																																																																																																																										
3:35:33	37.0																										1568832	89	1648554	86	1488796	86	966433	70	1409110	80	1481100	85	320697												79	80	92	82	71	76	76	94	87	88	98	87	74												1642577	84	1691629	83	1510246	88	1067996	75	1435247	86	1712579	92	335635												80	84	80	88	92	82	86	88	74	82	75	82	89												1698856	93	1685101	89	1487915	88	992215	83	1459445	87	1380730	79	330973																																																																																																																																																																																																																																																										
3:40:33	37.0																										1573265	85	1655630	74	1500349	90	971303	79	1413491	92	1488137	88	322373												78	90	85	89	90	68	83	85	91	76	93	77	82												1641244	90	1696779	87	1531256	86	1073362	72	1444072	90	1720604	79	334495												80	78	88	91	92	84	91	88	79	81	76	86	77												1708100	91	1693559	82	1504945	101	999914	77	1466736	93	1388275	81	331233																																																																																																																																																																																																																																																										
3:45:33	37.0																										1577189	81	1657027	80	1501213	80	971085	74	1409878	98	1494336	88	319302												90	90	91	88	76	89	88	73	79	77	84	86	91												1646058	88	1704225	83	1529690	88	1070217	85	1439104	82	1723521	77	335028												73	92	77	87	85	91	80	88	93	89	82	81	81												1705129	80	1696076	75	1504876	76	994816	88	1466503	98	1391042	90	329782																																																																																																																																																																																																																																																										
3:50:33	37.0																										1584165	75	1663914	89	1498427	77	973672	81	1421556	89	1494706	78	320806												97	88	83	85	88	74	88	85	74	84	83	77	97												1657985	86	1709786	89	1529975	75	1080764	79	1441011	79	1734293	79	334904												85	94	86	97	93	89	85	81	100	84	79	83	84												1711428	84	1707626	77	1508801	99	999021	85	1472013	80	1390935	83	329995																																																																																																																																																																																																																																																										
3:55:33	37.0																										1579480	87	1667455	83	1504285	79	971523	90	1429335	95	1496686	80	319975												71	81	86	78	88	88	84	92	91	80	68	84	87												1661475	84	1702065	78	1529385	76	1079290	79	1444994	88	1735157	75	335164												82	80	65	79	81	94	82	89	67	80	82	85	81												1708732	100	1706665	84	1511908	83	994894	84	1473064	82	1396608	80	328846																																																																																																																																																																																																																																																										
4:00:33	37.0																										1584523	72	1670009	73	1513289	82	973548	81	1428628	80	1502508	78	321025												94	85	93	78	88	81	82	84	73	78	80	79	86												1665482	88	1705597	83	1537318	74	1076638	87	1442708	78	1737332	69	335301												72	77	75	93	89	74	99	90	73	84	79	76	74												1714789	75	1701641	76	1514182	69	999294	78	1474008	86	1403796	86	329266																																																																																																																																																																																																																																																										
4:05:33	37.1																										1593026	97	1679488	82	1515716	79	977410	81	1431050	81	1495373	91	321538												67	84	85	88	89	86	78	99	95	88	71	83	86												1670903	97	1715393	80	1542945	73	1082372	84	1453072	96	1738414	81	334943												82	83	83	87	87	77	87	78	82	85	93	81	84												1714338	102	1712627	77	1514301	78	998294	85	1485856	73	1401747	86	329018																																																																																																																																																																																																																																																										
4:10:33	37.1																										1603790	77	1685359	87	1519945	74	983847	72	1442382	83	1507814	82	323571												79	87	83	80	85	94	88	97	88	80	86	91	91												1676428	89	1722997	93	1545360	77	1081354	81	1459865	99	1744532	80	335731												75	73	82	87	79	83	90	77	67	90	99	81	75												1730533	102	1721160	81	1523954	101	1003327	87	1491915	82	1413631	105	330586																																																																																																																																																																																																																																																										
4:15:33	37.0																										1594360	82	1678379	88	1517334	69	975080	87	1429649	77	1509267	83	321898												75	93	86	84	78	80	98	92	88	78	80	93	89												1667771	89	1721070	82	1547649	87	1080476	77	1456232	83	1748141	81	334427												84	80	92	87	92	93	70	77	71	81	84	87	89												1723096	89	1715366	89	1520500	75	1002768	76	1484357	73	1408315	77	328345																																																																																																																																																																																																																																																										
4:20:33	37.0																										1596001	72	1684230	81	1521128	84	980668	80	1433324	88	1508025	80	321424												81	86	86	89	92	88	92	90	101	87	100	88	102												1676489	88	1721347	82	1546561	89	1081914	87	1452615	80	1743232	72	333042												82	94	78	77	85	82	95	79	87	76	82	72	89												1733823	91	1719468	91	1527143	76	1006496	91	1488252	82	1408621	90	329682																																																																																																																																																																																																																																																										
4:25:33	37.0																										1601401	84	1683735	92	1527843	76	981671	85	1441391	92	1518859	89	321979												78	85	96	79	78	86	86	92	89	82	103	82	88												1670092	81	1720673	102	1556223	81	1081479	71	1458109	72	1748119	81	334458												99	93	84	82	98	87	79	75	87	79	87	86	89												1726096	92	1720249	85	1522229	86	1001542	84	1492571	66	1407795	88	329541																																																																																																																																																																																																																																																										
4:30:33	37.0																										1598694	79	1688415	82	1526525	80	986247	76	1442295	87	1513839	82	322648												83	84	87	80	91	89	77	83	89	84	83	70	84												1671090	93	1728098	70	1549083	85	1085459	93	1460966	90	1759099	82	332417												86	85	87	92	76	78	88	83	77	94	80	97	77												1732408	75	1726193	89	1528550	83	1004463	95	1493775	94	1407304	89	327860																																																																																																																																																																																																																																																										
4:35:33	37.0																										1613953	86	1691245	82	1535074	88	981577	94	1446093	90	1520671	73	323548												83	75	103	81	86	84	91	97	82	97	71	75	75												1696708	82	1737792	94	1556123	93	1095059	88	1472082	84	1753757	87	334766												84	89	77	84	92	79	74	94	80	94	82	83	70												1743809	86	1729849	75	1536019	80	1009339	74	1495549	90	1419500	75	328268																																																																																																																																																																																																																																																										
4:40:33	37.0																										1615443	78	1698958	94	1532147	82	986155	78	1449100	86	1526281	69	326513												74	91	93	91	84	78	86	89	77	79	79	75	87												1696652	87	1733582	90	1565198	83	1087505	88	1469313	83	1759796	78	332724												90	79	75	81	85	82	87	85	93	86	79	91	85												1740802	99	1733277	82	1532931	98	1008740	85	1503271	72	1428770	87	328877																																																																																																																																																																																																																																																										
4:45:33	37.0																										1609290	77	1691782	82	1527821	72	984723	78	1448741	72	1521920	82	324797												86	86	75	90	80	94	79	79	83	88	79	82	86												1685191	85	1732516	74	1555633	76	1091011	82	1469077	89	1760361	80	332726												88	83	78	91	88	85	89	83	81	77	85	92	83												1734096	82	1733107	79	1536568	90	1009211	82	1500617	71	1420137	84	328955																																																																																																																																																																																																																																																										
4:50:33	37.0																										1606187	89	1698867	88	1527126	84	984660	90	1445698	74	1522477	90	323575												89	80	81	85	82	88	80	74	91	78	72	92	83												1692988	87	1735337	77	1559230	82	1090665	89	1467612	87	1756591	78	334856												94	87	93	88	93	67	82	79	90	90	85	79	88												1737075	94	1733641	92	1533431	87	1009080	79	1504171	75	1416119	75	327031																																																																																																																																																																																																																																																										
4:55:33	37.0																										1608135	80	1701511	84	1531357	75	985495	68	1447335	92	1530290	98	324032												84	84	72	78	77	78	84	92	99	87	85	93	75												1695796	79	1732181	87	1561897	82	1087970	80	1462340	76	1761544	101	331923												85	90	80	84	87	72	80	91	79	89	71	87	83												1738913	95	1736895	90	1544517	91	1010267	90	1503001	78	1422804	81	328101																																																																																																																																																																																																																																																										
5:00:33	37.0																										1617975	83	1699264	73	1542902	87	987274	78	1453009	76	1531354	82	326719												69	87	78	65	83	97	80	99	88	95	80	74	72												1694627	87	1747786	74	1572642	73	1094769	81	1473183	80	1762394	85	334228												91	95	89	88	81	69	86	94	74	73	82	77	91												1753698	82	1744326	78	1544388	88	1011361	91	1504386	62	1425073	80	328401																																																																																																																																																																																																																																																										
5:05:33	37.1																										1621589	90	1700452	81	1538853	84	985629	92	1452152	72	1524600	79	324804												75	77	92	81	87	76	81	91	70	90	86	76	81												1697065	102	1749480	84	1560672	90	1091312	85	1478353	81	1760296	82	332017												86	84	89	81	85	82	85	71	79	88	79	87	70												1748138	94	1745032	83	1538936	85	1010240	80	1510955	92	1424528	71	328262																																																																																																																																																																																																																																																										
5:10:33	37.1																										1618742	82	1703889	87	1538869	88	990493	79	1457901	82	1525879	72	325882												71	96	79	85	81	75	85	97	90	76	64	82	80												1692414	84	1746196	99	1566217	89	1099586	80	1481812	86	1769016	78	333211												84	102	79	95	76	89	79	86	86	89	90	74	67												1753411	93	1736422	92	1542266	69	1012334	80	1504705	82	1426484	82	327132																																																																																																																																																																																																																																																										
5:15:33	37.0																										1622988	74	1715960	93	1540921	84	990960	82	1464914	86	1536549	80	324680												88	90	84	73	81	85	97	95	85	81	98	100	80												1703196	82	1750132	79	1576551	75	1095981	90	1480429	79	1766032	94	333872												84	86	83	80	76	91	69	77	71	86	79	89	97												1750023	89	1743660	79	1549062	83	1014517	80	1514238	92	1430916	93	328137																																																																																																																																																																																																																																																										
5:20:33	37.0																										1623690	86	1711734	91	1545791	69	988704	77	1460897	84	1532967	66	325872												83	79	92	87	78	88	85	85	90	78	83	85	80												1693214	104	1744059	76	1570228	77	1093370	81	1473000	76	1759794	86	331849												87	89	90	80	86	80	92	81	88	85	89	78	96												1752311	86	1746220	83	1548382	82	1013273	89	1512275	83	1427269	81	325486																																																																																																																																																																																																																																																										
5:25:33	37.0																										1626133	79	1713145	83	1542441	82	988737	82	1460288	77	1532489	77	325861												82	85	91	85	73	83	77	91	92	84	87	81	87												1699227	92	1743948	78	1571668	86	1090529	95	1475881	81	1756946	85	332182												81	86	72	72	91	74	97	89	89	81	85	77	77												1748669	76	1742563	74	1547457	73	1013036	75	1510820	86	1431110	95	327050																																																																																																																																																																																																																																																										
5:30:33	37.0																										1623401	81	1706841	87	1539797	66	991580	83	1454027	79	1532364	83	328286												81	88	90	78	90	78	97	88	71	98	87	86	86												1706105	102	1749794	78	1571691	82	1099643	94	1485326	93	1768790	87	331557												90	90	81	66	85	82	74	70	94	88	92	80	87												1751728	89	1749022	83	1550776	87	1007933	87	1514578	83	1431075	79	327033																																																																																																																																																																																																																																																										
5:35:33	37.0																										1623858	86	1707346	88	1545747	89	993885	80	1459557	85	1532191	92	325707												80	89	95	82	82	75	80	96	77	90	80	90	80												1703184	81	1747475	87	1573524	92	1099153	85	1484619	86	1766280	82	332532												81	79	84	71	84	82	92	77	79	77	69	72	84												1748623	88	1753491	76	1548472	73	1011760	84	1511528	89	1427262	78	327931																																																																																																																																																																																																																																																										
5:40:33	37.0																										1624487	91	1718044	89	1552196	83	993840	83	1463720	79	1536167	83	325672												82	74	81	84	91	95	95	88	78	85	87	85	78												1709488	90	1746406	79	1580280	82	1097268	83	1481359	79	1761765	81	330788												87	78	76	81	87	99	100	82	90	76	82	74	83												1757127	86	1747144	92	1548379	80	1015455	78	1513637	80	1431894	74	327056																																																																																																																																																																																																																																																										
5:45:33	37.0																										1626797	84	1717984	79	1554723	81	995733	86	1464851	81	1535446	82	327253												88	85	88	83	89	75	78	102	88	83	68	81	78												1707733	81	1753022	78	1579139	87	1103796	72	1481275	83	1771553	96	330796												85	86	73	89	86	96	77	74	89	77	75	67	88												1753592	82	1755506	79	1552943	86	1015607	84	1514977	83	1429538	80	328252																																																																																																																																																																																																																																																										
5:50:33	37.0																										1633558	85	1707239	85	1549439	87	995925	69	1460066	77	1538742	76	327642												82	86	76	91	86	78	88	87	94	70	85	77	84												1704580	75	1749455	87	1572490	79	1098483	86	1483218	82	1779247	88	333036												89	78	80	72	82	82	81	75	89	82	92	81	74												1762940	96	1750001	83	1553551	87	1016556	77	1518815	86	1430291	85	327577																																																																																																																																																																																																																																																										
5:55:33	37.0																										1629708	88	1715495	86	1552501	84	994603	85	1462065	70	1535923	73	328301												69	66	89	83	91	76	92	84	78	76	81	82	82												1708579	94	1759857	83	1577301	88	1099754	66	1481299	74	1767095	83	330629												83	86	85	83	80	93	70	93	86	83	78	89	87												1752607	83	1753709	76	1552719	79	1007200	77	1514866	94	1434486	84	326311																																																																																																																																																																																																																																																										
6:00:33	37.0																										1637856	93	1723620	78	1558052	79	992961	72	1469592	76	1534373	76	327068												92	85	86	71	71	76	72	89	92	87	79	85	83												1714499	103	1757355	87	1580447	76	1104978	78	1489137	89	1770824	75	331537												91	106	85	86	94	90	81	89	99	88	86	79	73												1755862	87	1759238	90	1552364	79	1010562	75	1521784	75	1430595	86	326837																																																																																																																																																																																																																																																										

