

Software Version	3.16.10



Experiment File Path:	C:\Users\bnext\Documents\Biotek\experiments\20260121-cytation3-pure-timecourse-gfp-OnePotPURE-Opt2.xpt
Protocol File Path:	C:\Users\bnext\Documents\Biotek\protocols\cytation3_protocols\cytation3-pure-timecourse-gfp.prt



Plate Number	Plate 1
Date	1/21/2026
Time	11:35:27 AM
Reader Type:	Cytation3
Reader Serial Number:	130723A
Reading Type	Reader

Procedure Details

Plate Type	Greiner 384 SV NoBind AutoMap
Well Selection	Runtime
Eject plate on completion	
Set Temperature	Setpoint 37°C, Gradient 0 °C
Start Kinetic	Runtime 6:00:00 (HH:MM:SS), Interval 0:05:00, 73 Reads
    Read	GFP-F-G35
	Fluorescence Endpoint
	Full Plate
	Filter Set 1 (2)
	    Excitation: 485/20,  Emission: 528/20
	    Mirror: Top 510 nm,  Gain: 35
	Light Source: Xenon Flash,  Lamp Energy: High
	Read Speed: Normal,  Delay: 100 msec,  Measurements/Data Point: 10
	Read Height: 11.5 mm
    Read	GFP-M-G100
	Fluorescence Endpoint
	Full Plate
	Filter Set 1
	    Excitation: 485,  Emission: 528
	    Optics: Top,  Gain: 75
	Light Source: Xenon Flash,  Lamp Energy: High
	Read Speed: Normal,  Delay: 100 msec,  Measurements/Data Point: 10
	Read Height: 10.75 mm
End Kinetic	
Set Temperature	Incubator off

Layout
	1	2	3	4	5	6	7	8	9	10	11	12	13	14	15	16	17	18	19	20	21	22	23	24
A																									Well ID
B								SPL1		SPL1		SPL1													Well ID
C																									Well ID
D								SPL2		SPL2		SPL2													Well ID
E																									Well ID
F								SPL3		SPL3		SPL3													Well ID
G																									Well ID
H								SPL4		SPL4		SPL4													Well ID
I																									Well ID
J																									Well ID
K																									Well ID
L																									Well ID
M																									Well ID
N																									Well ID
O																									Well ID
P																									Well ID

GFP-F-G35:485/20,528/20

Time	T° GFP-F-G35:485/20,528/20	B8	B10	B12	D8	D10	D12	F8	F10	F12	H8	H10	H12
0:00:00	37.0	43	44	44	44	46	44	44	45	43	41	41	40
0:05:00	37.0	41	41	42	42	43	41	42	42	41	47	48	50
0:10:00	37.0	41	41	41	41	42	41	41	42	40	496	526	544
0:15:00	37.0	73	69	69	43	44	43	42	42	42	2068	2150	2202
0:20:00	36.9	452	430	431	168	170	170	113	115	118	4798	4927	5015
0:25:00	36.9	1200	1167	1160	597	608	598	408	423	419	8213	8432	8498
0:30:00	37.0	2169	2127	2120	1213	1250	1221	888	917	903	11900	12232	12323
0:35:00	37.0	3262	3228	3234	1942	2011	1958	1474	1515	1481	15552	16026	15967
0:40:00	37.0	4454	4389	4414	2759	2849	2763	2115	2186	2133	19098	19541	19473
0:45:00	36.9	5679	5640	5612	3626	3703	3616	2799	2878	2810	22337	22929	22929
0:50:00	37.0	6949	6877	6847	4497	4604	4483	3504	3612	3506	25359	25971	25874
0:55:00	37.0	8170	8148	8115	5370	5521	5340	4231	4341	4225	28209	28628	28590
1:00:00	37.0	9456	9367	9325	6282	6424	6239	4947	5076	4949	30664	31221	31107
1:05:00	37.0	10699	10582	10562	7141	7326	7095	5665	5777	5616	32941	33527	33339
1:10:00	37.0	11804	11796	11752	7979	8201	7944	6343	6496	6339	34923	35434	35654
1:15:00	37.0	13032	12981	12888	8842	9072	8790	7042	7196	7023	36880	37398	37376
1:20:00	37.0	14181	14039	14077	9667	9881	9607	7693	7854	7642	38581	39294	39031
1:25:00	37.0	15239	15144	15154	10458	10715	10397	8325	8513	8317	40089	40533	40604
1:30:00	37.0	16335	16291	16141	11197	11503	11146	8960	9124	8919	41459	42185	41880
1:35:00	37.0	17293	17327	17170	11933	12227	11838	9592	9803	9532	42810	43149	43132
1:40:00	36.9	17976	18122	18007	12526	12814	12489	10170	10374	10074	43774	44474	44260
1:45:00	37.0	18986	19006	18945	13203	13441	13153	10674	10951	10637	44804	45402	45245
1:50:00	37.0	19749	19685	19682	13664	14000	13594	11241	11455	11166	45745	46038	46142
1:55:00	37.0	20489	20620	20531	14175	14470	14097	11798	12018	11664	46659	46878	47026
2:00:00	37.0	21212	21183	21130	14602	14951	14604	12162	12493	12143	47134	48017	47722
2:05:00	37.0	21905	21850	21823	14962	15338	14987	12701	13008	12555	47733	48455	48078
2:10:00	37.0	22517	22536	22501	15439	15793	15375	13034	13353	13017	48528	48728	48521
2:15:00	36.9	23118	23206	23256	15762	16077	15758	13428	13774	13391	48923	49403	49205
2:20:00	37.0	23739	23744	23740	16084	16533	16135	13895	14161	13784	49320	49890	49366
2:25:00	37.0	24290	24400	24272	16477	16799	16428	14256	14524	14224	49665	50348	49876
2:30:00	37.0	24909	24945	24935	16688	17137	16752	14528	14854	14406	50273	50544	50209
2:35:00	37.0	25305	25519	25334	17149	17473	17094	14743	15149	14700	50242	50626	50917
2:40:00	37.0	25786	26102	25870	17391	17869	17341	15108	15354	15076	50474	51211	50977
2:45:00	37.0	26330	26496	26401	17677	18106	17685	15330	15610	15274	50853	51634	51058
2:50:00	37.0	26788	26850	26961	18020	18357	17975	15561	15856	15416	50782	51326	51054
2:55:00	37.0	27086	27359	27322	18167	18516	18193	15813	16126	15562	51035	51555	51021
3:00:00	37.0	27573	27791	27630	18482	18868	18359	16001	16254	15891	51311	51518	51327
3:05:00	37.0	27858	28115	28096	18671	19082	18709	16110	16552	16069	51204	51796	51343
3:10:00	37.0	28271	28484	28440	18857	19287	18827	16271	16673	16218	51153	51964	51327
3:15:00	37.0	28594	28754	28684	19077	19468	18956	16491	16916	16325	51043	51529	51583
3:20:00	37.0	28811	29188	29014	19265	19718	19246	16606	17083	16548	51293	51678	51392
3:25:00	37.0	29072	29385	29283	19443	19898	19487	16784	17176	16834	51083	51624	51509
3:30:00	37.0	29305	29708	29413	19573	19981	19596	16877	17333	16847	51153	51674	51477
3:35:00	37.0	29597	29933	29836	19740	20201	19789	17032	17540	17040	51296	51688	51449
3:40:00	37.0	29803	30066	29994	19870	20346	19967	17209	17609	17055	51215	51721	51345
3:45:00	37.0	30006	30304	30103	20052	20504	20012	17354	17703	17313	51223	51539	51343
3:50:00	37.0	30075	30354	30310	20196	20584	20120	17567	17888	17367	51427	52004	51307
3:55:00	37.0	30309	30496	30452	20205	20768	20223	17577	18001	17537	51234	52002	51518
4:00:00	37.0	30218	30492	30351	20262	20832	20402	17621	18032	17586	50967	51599	51259
4:05:00	37.0	30413	30568	30696	20447	20761	20449	17699	18118	17613	50874	51738	51473
4:10:00	37.0	30489	30602	30450	20490	20933	20565	17734	18190	17628	51051	51660	51239
4:15:00	37.0	30416	30498	30514	20467	21060	20676	17743	18147	17728	50725	51827	51176
4:20:00	37.0	30464	30596	30593	20675	21098	20718	17855	18165	17731	50999	51581	51258
4:25:00	37.0	30464	30642	30486	20722	21214	20767	17828	18258	17716	51127	51631	51264
4:30:00	37.0	30421	30618	30554	20785	21085	20841	17817	18310	17781	51001	51484	51155
4:35:00	37.0	30455	30821	30521	20801	21196	20809	17945	18313	17838	50839	51406	51181
4:40:00	37.0	30564	30654	30608	20778	21318	20952	17911	18345	17840	51121	51601	51206
4:45:00	37.0	30517	30715	30651	20914	21443	20994	17875	18259	17872	51043	51214	51031
4:50:00	37.0	30613	30704	30615	20988	21416	20912	17909	18425	17867	51001	51525	51120
4:55:00	37.0	30612	30802	30630	20847	21469	20918	17955	18352	17872	51077	51668	50967
5:00:00	37.0	30458	30901	30763	20960	21415	21022	17894	18337	17829	50887	51405	50965
5:05:00	37.0	30495	30729	30624	20954	21455	21011	17934	18342	17837	50922	51491	51204
5:10:00	37.0	30586	30634	30619	20877	21416	21001	17977	18392	17853	50990	51410	51240
5:15:00	37.0	30648	30833	30588	20942	21514	21073	17947	18336	17853	51043	51351	51142
5:20:00	37.0	30627	30731	30698	21011	21540	20965	18067	18349	17873	50931	51210	51070
5:25:00	37.0	30720	30797	30721	20912	21497	21064	18021	18377	17897	50933	51267	51189
5:30:00	37.0	30506	30675	30699	21018	21539	21152	17996	18378	17919	50861	51277	51104
5:35:00	37.0	30632	30834	30654	20989	21601	21007	18011	18487	17892	50909	51438	51183
5:40:00	37.0	30595	30884	30661	20999	21544	21130	18063	18472	18014	51006	51420	51256
5:45:00	37.0	30678	30860	30652	20974	21531	21154	18083	18495	18009	51048	51421	51390
5:50:00	37.0	30666	30647	30737	20953	21540	21172	18065	18318	17880	50824	51560	50974
5:55:00	37.0	30635	30698	30699	21020	21648	21143	18057	18517	17997	51054	51571	51236
6:00:00	37.0	30520	30761	30746	21134	21511	21087	18004	18456	17902	51001	51366	50991

GFP-M-G100:485,528

Time	T° GFP-M-G100:485,528	B8	B10	B12	D8	D10	D12	F8	F10	F12	H8	H10	H12
0:00:17	36.9	15	15	21	12	19	13	15	14	19	14	8	15
0:05:17	37.0	19	17	14	12	9	19	9	14	16	22	22	21
0:10:17	36.9	15	9	8	8	13	4	15	17	17	207	220	222
0:15:17	37.0	35	24	22	19	12	10	10	16	9	816	839	856
0:20:17	37.0	174	165	164	64	67	66	52	43	44	1884	1887	1928
0:25:17	37.0	453	436	439	223	245	226	157	160	156	3212	3203	3277
0:30:17	36.9	819	778	795	468	458	451	334	334	343	4699	4691	4748
0:35:17	37.0	1224	1203	1190	735	743	725	561	559	544	6166	6215	6304
0:40:17	37.0	1670	1640	1622	1025	1047	1022	799	794	796	7746	7743	7785
0:45:17	37.0	2139	2097	2102	1356	1361	1332	1066	1055	1046	9280	9227	9255
0:50:17	37.0	2610	2586	2559	1695	1696	1666	1334	1321	1300	10587	10530	10569
0:55:17	37.0	3129	3031	3044	2054	2064	2006	1604	1612	1575	11938	11885	11885
1:00:17	37.0	3585	3548	3507	2383	2410	2317	1887	1887	1828	13107	13145	13146
1:05:17	37.0	4070	4003	3987	2700	2725	2646	2172	2155	2085	14324	14182	14246
1:10:17	37.0	4562	4478	4464	3042	3070	2982	2441	2419	2346	15443	15356	15214
1:15:17	36.9	5038	4960	4974	3389	3377	3324	2693	2672	2616	16318	16267	16255
1:20:17	37.0	5476	5374	5364	3709	3736	3621	2963	2953	2859	17334	17198	17066
1:25:17	37.0	5977	5899	5801	4015	4043	3950	3248	3188	3144	18143	18033	17945
1:30:17	37.0	6425	6286	6241	4360	4345	4221	3471	3446	3352	18927	18877	18703
1:35:17	36.9	6815	6699	6687	4633	4681	4533	3722	3699	3615	19662	19617	19417
1:40:17	37.0	7234	7090	7011	4887	4904	4805	3936	3924	3825	20271	20187	19937
1:45:17	37.0	7613	7495	7412	5119	5157	5035	4184	4139	4045	20879	20829	20600
1:50:17	37.0	7879	7791	7713	5341	5358	5184	4406	4346	4230	21378	21298	21155
1:55:17	37.0	8196	8118	7992	5550	5583	5393	4596	4560	4427	21990	21860	21716
2:00:17	37.0	8536	8433	8345	5712	5725	5611	4772	4753	4594	22380	22178	22101
2:05:17	37.0	8830	8701	8650	5854	5942	5781	4998	4920	4821	22729	22604	22477
2:10:17	37.0	9139	9032	8944	6106	6090	5936	5150	5099	4998	23199	23016	22795
2:15:17	37.0	9409	9372	9201	6239	6288	6126	5328	5252	5139	23467	23289	23148
2:20:17	37.0	9638	9542	9484	6310	6405	6246	5459	5411	5287	23722	23594	23362
2:25:17	37.0	9910	9877	9754	6489	6550	6376	5578	5615	5400	24045	23940	23690
2:30:17	37.0	10198	10010	10000	6621	6684	6531	5745	5687	5527	24131	24026	23798
2:35:17	37.0	10435	10372	10206	6805	6821	6649	5889	5831	5668	24421	24290	24027
2:40:17	37.0	10669	10527	10513	6916	6935	6774	5992	5963	5746	24518	24388	24145
2:45:17	37.0	10868	10765	10683	6997	7046	6892	6117	6050	5865	24624	24542	24250
2:50:17	37.0	11092	10951	10891	7148	7191	6989	6211	6102	6000	24689	24602	24408
2:55:17	37.0	11257	11205	11071	7303	7299	7098	6299	6261	6060	24848	24723	24391
3:00:17	37.0	11462	11393	11261	7363	7401	7213	6368	6328	6151	24812	24745	24472
3:05:17	37.0	11643	11475	11436	7423	7452	7308	6479	6363	6211	25024	24679	24465
3:10:17	37.0	11790	11766	11690	7553	7543	7417	6513	6477	6291	24852	24833	24551
3:15:17	37.0	11875	11835	11765	7653	7692	7485	6603	6608	6361	24924	24784	24547
3:20:17	37.0	12071	11987	11991	7678	7767	7574	6696	6616	6454	24991	24890	24639
3:25:17	37.0	12237	12081	12020	7769	7845	7607	6723	6684	6490	25008	24763	24607
3:30:17	37.0	12339	12285	12201	7900	7953	7645	6827	6716	6565	25067	24898	24639
3:35:17	37.0	12449	12430	12263	7954	8011	7805	6876	6775	6641	24989	24802	24607
3:40:17	37.0	12530	12505	12363	7934	8043	7829	6922	6885	6715	24957	24792	24484
3:45:17	37.0	12612	12529	12437	8048	8098	7908	6986	6931	6690	24996	24760	24626
3:50:17	37.0	12702	12527	12550	8037	8134	7935	6991	6999	6773	24958	24884	24538
3:55:17	37.0	12752	12632	12544	8126	8180	8010	7095	7002	6797	24973	24839	24487
4:00:17	37.0	12697	12687	12686	8202	8239	8092	7116	7082	6860	24915	24858	24498
4:05:17	37.0	12793	12723	12586	8220	8300	8136	7128	7105	6923	24894	24834	24530
4:10:17	37.0	12762	12644	12607	8243	8276	8098	7141	7072	6896	24878	24779	24414
4:15:17	37.0	12840	12704	12678	8282	8346	8163	7149	7068	6938	24882	24869	24447
4:20:17	37.0	12795	12777	12588	8319	8364	8235	7203	7127	6976	24897	24750	24516
4:25:17	36.9	12825	12808	12600	8372	8374	8221	7198	7153	6967	24854	24827	24452
4:30:17	37.0	12820	12803	12685	8408	8504	8272	7259	7190	6964	24930	24773	24466
4:35:17	36.9	12823	12775	12611	8379	8399	8306	7195	7125	6905	24824	24592	24406
4:40:17	37.0	12855	12810	12710	8415	8488	8330	7257	7176	6989	24794	24629	24384
4:45:17	37.0	12862	12808	12671	8408	8469	8297	7268	7193	6974	24809	24728	24382
4:50:17	37.0	12873	12768	12649	8425	8474	8277	7264	7160	7020	24824	24731	24365
4:55:17	37.0	12877	12757	12732	8477	8546	8351	7243	7200	6952	24795	24679	24491
5:00:17	37.0	12895	12815	12744	8408	8504	8327	7245	7183	7021	24810	24671	24443
5:05:17	37.0	12901	12819	12696	8521	8547	8359	7291	7201	6983	24880	24747	24387
5:10:17	37.0	12881	12798	12728	8469	8483	8338	7218	7157	7042	24802	24664	24507
5:15:17	37.0	12876	12788	12732	8435	8501	8342	7274	7191	7007	24842	24722	24427
5:20:17	37.0	12856	12787	12715	8492	8539	8374	7268	7191	7006	24852	24677	24403
5:25:17	37.0	12916	12747	12655	8495	8473	8349	7242	7203	7038	24766	24628	24274
5:30:17	37.0	12847	12831	12701	8488	8526	8338	7280	7162	7018	24791	24602	24389
5:35:17	37.0	12878	12854	12675	8487	8527	8411	7295	7216	7026	24804	24669	24238
5:40:17	37.0	12836	12785	12722	8495	8568	8344	7265	7238	6957	24762	24478	24302
5:45:17	37.0	12983	12834	12669	8489	8565	8393	7255	7236	7046	24812	24615	24402
5:50:17	37.0	12885	12785	12736	8533	8571	8363	7258	7240	7007	24799	24583	24372
5:55:17	37.0	12911	12748	12754	8460	8571	8354	7262	7209	6996	24745	24605	24346
6:00:17	37.0	12920	12835	12784	8490	8561	8395	7225	7226	7019	24738	24580	24336

Results

Well ID	SPL1			SPL2			SPL3			SPL4			
Well	B8	B10	B12	D8	D10	D12	F8	F10	F12	H8	H10	H12	
Max V [GFP-F-G35:485/20,528/20]	250940.000	249280.000	247560.000	176300.000	181320.000	174280.000	143500.000	145240.000	141140.000	718780.000	736440.000	727700.000	
R-Squared [GFP-F-G35:485/20,528/20]	1.000	1.000	1.000	1.000	1.000	1.000	1.000	1.000	1.000	1.000	1.000	1.000	
t at Max V [GFP-F-G35:485/20,528/20]	0:55:00	0:50:00	0:55:00	0:55:00	0:55:00	0:55:00	0:55:00	0:55:00	1:00:00	0:30:00	0:30:00	0:30:00	
Lagtime [GFP-F-G35:485/20,528/20]	0:22:32	0:22:34	0:22:29	0:24:43	0:24:50	0:24:32	0:25:50	0:25:27	0:25:24	0:13:29	0:13:27	0:13:13	
Max V [GFP-M-G100:485,528]	96900.000	95760.000	96340.000	68280.000	68840.000	66020.000	55640.000	55320.000	52620.000	303660.000	302000.000	299860.000	
R-Squared [GFP-M-G100:485,528]	1.000	1.000	1.000	1.000	0.999	1.000	1.000	1.000	1.000	1.000	1.000	1.000	
t at Max V [GFP-M-G100:485,528]	1:00:17	1:05:17	1:05:17	0:50:17	0:55:17	1:05:17	1:00:17	0:55:17	1:15:17	0:35:17	0:35:17	0:35:17	
Lagtime [GFP-M-G100:485,528]	0:23:23	0:23:38	0:24:02	0:25:31	0:25:46	0:25:16	0:26:38	0:26:30	0:26:03	0:14:51	0:14:44	0:14:25	
Count	3			3			3			3			
Mean	0:23:41			0:25:31			0:26:24			0:14:40			
Std Dev	0:00:20			0:00:15			0:00:18			0:00:13			
CV (%)	1.394			0.975			1.167			1.529			

