

Software Version	3.16.10



Experiment File Path:	C:\Users\bnext\Documents\Biotek\experiments\20260120-cytation3-pure-timecourse-gfp-OnePotPURE-Opt.xpt
Protocol File Path:	C:\Users\bnext\Documents\Biotek\protocols\cytation3_protocols\cytation3-pure-timecourse-gfp.prt



Plate Number	Plate 2
Date	1/20/2026
Time	3:14:38 PM
Reader Type:	Cytation3
Reader Serial Number:	130723A
Reading Type	Reader

Procedure Details

Plate Type	Greiner 384 SV NoBind AutoMap
Well Selection	Runtime
Eject plate on completion	
Set Temperature	Setpoint 37°C, Gradient 0 °C
Start Kinetic	Runtime 6:00:00 (HH:MM:SS), Interval 0:05:00, 73 Reads
    Read	GFP-F-G35
	Fluorescence Endpoint
	Full Plate
	Filter Set 1 (2)
	    Excitation: 485/20,  Emission: 528/20
	    Mirror: Top 510 nm,  Gain: 35
	Light Source: Xenon Flash,  Lamp Energy: High
	Read Speed: Normal,  Delay: 100 msec,  Measurements/Data Point: 10
	Read Height: 11.5 mm
    Read	GFP-M-G100
	Fluorescence Endpoint
	Full Plate
	Filter Set 1
	    Excitation: 485,  Emission: 528
	    Optics: Top,  Gain: 75
	Light Source: Xenon Flash,  Lamp Energy: High
	Read Speed: Normal,  Delay: 100 msec,  Measurements/Data Point: 10
	Read Height: 10.75 mm
End Kinetic	
Set Temperature	Incubator off

Layout
	1	2	3	4	5	6	7	8	9	10	11	12	13	14	15	16	17	18	19	20	21	22	23	24
A																									Well ID
B		SPL1		SPL1		SPL1																			Well ID
C																									Well ID
D		SPL2		SPL2		SPL2																			Well ID
E																									Well ID
F		SPL3		SPL3		SPL3																			Well ID
G																									Well ID
H		SPL4		SPL4		SPL4																			Well ID
I																									Well ID
J		SPL5		SPL5		SPL5																			Well ID
K																									Well ID
L																									Well ID
M																									Well ID
N																									Well ID
O																									Well ID
P																									Well ID

GFP-F-G35:485/20,528/20

Time	T° GFP-F-G35:485/20,528/20	B2	B4	B6	D2	D4	D6	F2	F4	F6	H2	H4	H6	J2	J4	J6
0:00:00	36.5	122	110	103	771	755	739	2042	2009	2013	2705	2696	2764	15047	16353	16013
0:05:00	37.0	190	169	156	1253	1204	1165	3133	3097	3042	4102	4063	4134	23224	24058	23633
0:10:00	37.0	243	215	195	1589	1544	1482	3868	3796	3741	4999	4932	4990	26003	26792	26296
0:15:00	36.9	298	263	238	1942	1888	1816	4599	4527	4459	5840	5771	5867	28543	29439	28882
0:20:00	37.0	357	312	283	2309	2231	2145	5313	5267	5149	6733	6638	6757	30861	31773	31127
0:25:00	37.0	413	362	328	2677	2581	2481	6033	5956	5839	7570	7487	7604	33072	33780	33239
0:30:00	37.0	473	416	377	3027	2942	2811	6720	6637	6508	8391	8265	8390	35005	35934	35163
0:35:00	37.0	534	469	426	3376	3258	3132	7363	7265	7106	9163	9125	9196	36659	37738	36895
0:40:00	37.0	593	522	476	3709	3601	3446	7988	7915	7728	9926	9860	9917	38503	39229	38625
0:45:00	37.0	650	578	524	4026	3917	3751	8601	8492	8311	10684	10589	10677	39757	40838	40226
0:50:00	37.0	704	622	569	4324	4185	4022	9209	9063	8894	11363	11380	11409	41238	42136	41265
0:55:00	36.9	750	670	609	4594	4439	4267	9753	9596	9383	12060	11965	12086	42376	43393	42603
1:00:00	37.0	791	706	644	4836	4681	4484	10249	10170	9899	12727	12667	12734	43268	44190	43465
1:05:00	37.0	827	739	675	5066	4899	4682	10713	10600	10376	13311	13266	13373	44423	45246	44430
1:10:00	37.0	858	768	703	5268	5064	4851	11172	11023	10743	13964	13903	14020	45310	46056	45271
1:15:00	36.9	888	791	725	5416	5215	5018	11460	11354	11124	14510	14483	14583	46120	46732	46063
1:20:00	37.0	913	812	743	5550	5365	5165	11793	11664	11352	15038	14978	15017	46658	47481	46492
1:25:00	37.0	932	829	758	5700	5506	5267	12121	11963	11690	15499	15457	15499	47148	47929	47335
1:30:00	37.0	945	850	772	5827	5601	5380	12340	12196	11860	15994	15909	15982	47941	48581	47723
1:35:00	37.0	963	861	786	5951	5738	5485	12597	12465	12155	16257	16219	16346	48209	49196	48059
1:40:00	37.0	974	873	800	6040	5815	5580	12823	12682	12416	16687	16613	16676	48639	49609	48660
1:45:00	37.0	986	882	810	6136	5927	5676	13042	12905	12582	16966	16941	17060	49022	49908	48826
1:50:00	37.0	997	898	818	6213	5980	5758	13275	13128	12851	17282	17262	17350	49397	50382	49449
1:55:00	37.0	1010	905	830	6294	6072	5823	13458	13308	13004	17595	17470	17651	49632	50473	49491
2:00:00	37.0	1020	914	835	6376	6150	5901	13616	13493	13137	17891	17842	17952	49819	50642	49727
2:05:00	37.0	1023	920	849	6435	6208	5953	13781	13618	13245	18083	18089	18211	50015	50813	50024
2:10:00	37.0	1033	928	852	6499	6254	6025	13976	13741	13399	18325	18338	18348	50179	51099	50112
2:15:00	37.0	1042	936	862	6581	6333	6068	14063	13853	13567	18545	18495	18697	50316	51091	50278
2:20:00	37.0	1051	944	870	6609	6385	6122	14148	14053	13691	18742	18724	18813	50409	51426	50156
2:25:00	37.0	1053	948	871	6656	6428	6151	14323	14208	13765	18926	18929	19034	50519	51415	50600
2:30:00	37.0	1062	956	875	6718	6456	6179	14385	14272	13900	19184	19135	19168	50373	51116	50313
2:35:00	37.0	1065	956	880	6740	6486	6213	14444	14348	13927	19228	19298	19375	50606	51337	50372
2:40:00	37.0	1065	963	887	6769	6526	6257	14628	14469	14080	19496	19449	19529	50597	51323	50390
2:45:00	37.0	1073	971	889	6822	6542	6286	14722	14545	14134	19555	19634	19699	50548	51317	50524
2:50:00	37.0	1074	973	893	6846	6588	6330	14707	14605	14205	19743	19763	19835	50471	51305	50577
2:55:00	37.0	1080	981	896	6888	6615	6327	14738	14730	14274	19822	19883	19948	50614	51212	50227
3:00:00	36.9	1083	975	895	6892	6646	6355	14866	14712	14366	19993	20006	20103	50548	51400	50284
3:05:00	37.0	1085	978	901	6903	6635	6375	14892	14767	14391	20141	20062	20138	50484	51388	50372
3:10:00	37.0	1086	985	904	6937	6674	6406	14988	14861	14478	20231	20164	20318	50559	51142	50443
3:15:00	37.0	1091	987	910	6949	6701	6430	15037	14855	14540	20349	20204	20335	50418	51378	50177
3:20:00	37.0	1093	985	910	7000	6701	6445	15068	14935	14537	20415	20418	20532	50429	51245	50166
3:25:00	37.0	1099	991	911	6995	6712	6447	15090	15022	14611	20564	20445	20560	50456	51263	50306
3:30:00	37.0	1097	996	917	7006	6740	6453	15167	15034	14689	20645	20569	20667	50413	51303	50445
3:35:00	37.0	1101	993	916	7016	6767	6476	15271	15077	14667	20597	20647	20732	50421	51407	50324
3:40:00	37.0	1106	997	917	7039	6785	6470	15227	15098	14704	20668	20670	20790	50308	51272	50509
3:45:00	37.0	1105	1003	922	7022	6793	6484	15270	15114	14750	20807	20816	20881	50437	50972	50501
3:50:00	37.0	1105	1006	924	7037	6773	6519	15274	15157	14732	20839	20847	20916	50503	51198	50216
3:55:00	37.0	1108	1005	925	7084	6821	6520	15353	15165	14783	20898	20715	20877	50372	51108	50243
4:00:00	37.0	1110	1005	927	7083	6817	6527	15323	15265	14815	20884	20826	20895	50321	51162	50406
4:05:00	37.0	1115	1013	926	7046	6822	6521	15398	15193	14896	20889	20807	20963	50415	51335	50392
4:10:00	37.0	1111	1010	928	7126	6834	6547	15413	15318	14892	20934	20902	21080	50445	51343	50224
4:15:00	37.0	1115	1014	930	7088	6839	6540	15374	15252	14849	20939	20831	20969	50334	51268	50243
4:20:00	37.0	1119	1014	932	7097	6823	6548	15452	15292	14881	20940	20997	21139	50682	51079	50295
4:25:00	37.0	1112	1013	933	7141	6826	6540	15423	15252	14902	20911	20894	21051	50332	51141	50254
4:30:00	37.0	1120	1016	932	7104	6834	6537	15394	15297	14881	20901	20877	20969	50133	50977	50141
4:35:00	37.0	1112	1014	936	7093	6856	6558	15432	15324	14871	20968	20940	21051	50308	51106	50325
4:40:00	37.0	1121	1012	937	7126	6839	6555	15441	15286	14900	20967	20919	21050	50480	51106	50089
4:45:00	37.0	1120	1017	938	7146	6876	6564	15434	15317	14908	20984	20910	21070	50405	51200	50278
4:50:00	37.0	1124	1020	941	7130	6847	6581	15487	15284	14929	20965	21007	21030	50372	51277	50378
4:55:00	37.0	1121	1018	939	7125	6847	6560	15469	15303	14961	20939	20939	21060	50380	51090	50195
5:00:00	37.0	1124	1021	941	7142	6851	6563	15491	15299	14930	21006	21031	21001	50282	51333	50299
5:05:00	36.9	1125	1022	943	7137	6854	6578	15495	15333	15018	20991	20973	21072	50199	51091	50012
5:10:00	37.0	1124	1024	944	7119	6839	6590	15484	15291	14935	21028	21030	21132	50427	51078	50297
5:15:00	37.0	1127	1024	940	7144	6855	6580	15479	15291	15034	21018	20996	21093	50369	51086	50117
5:20:00	37.0	1124	1023	944	7138	6883	6590	15481	15336	14928	21017	21010	21052	50287	51174	50286
5:25:00	37.0	1127	1027	945	7130	6873	6572	15448	15300	14965	21055	21118	21148	50338	51077	50251
5:30:00	37.0	1128	1023	945	7158	6875	6598	15509	15360	14966	21075	21058	21164	50332	51215	50292
5:35:00	37.0	1124	1027	946	7140	6845	6590	15489	15311	14968	21097	21023	21079	50237	51221	50254
5:40:00	37.0	1132	1026	948	7140	6880	6603	15489	15310	14979	21072	20983	21060	50502	51069	49984
5:45:00	37.0	1132	1026	951	7145	6899	6594	15483	15375	14972	21030	21017	21099	50111	51050	50512
5:50:00	37.0	1131	1029	949	7141	6888	6593	15511	15336	14995	21137	21005	21081	50133	51049	50096
5:55:00	37.0	1128	1026	945	7119	6881	6577	15463	15376	14980	21003	20940	21058	50068	51030	49897
6:00:00	36.9	1134	1026	949	7187	6893	6598	15485	15311	14937	21114	20980	21137	50079	50823	49955

GFP-M-G100:485,528

Time	T° GFP-M-G100:485,528	B2	B4	B6	D2	D4	D6	F2	F4	F6	H2	H4	H6	J2	J4	J6
0:00:26	36.8	35	30	39	273	272	265	715	705	716	937	932	972	5171	5737	5663
0:05:26	37.0	71	65	59	477	458	435	1191	1212	1200	1602	1554	1584	9620	9886	9640
0:10:26	37.0	86	78	73	616	585	557	1485	1482	1446	1921	1877	1912	10821	11140	10894
0:15:26	36.9	111	93	99	751	736	688	1778	1762	1751	2266	2224	2257	12090	12416	12101
0:20:26	37.0	137	116	105	909	853	807	2050	2054	2021	2606	2575	2581	13283	13534	13304
0:25:26	37.0	163	133	121	1028	988	951	2326	2355	2286	2973	2909	2919	14358	14618	14315
0:30:26	37.0	172	155	143	1174	1120	1088	2577	2610	2544	3282	3221	3239	15396	15664	15383
0:35:26	36.9	204	183	154	1323	1233	1201	2841	2868	2792	3602	3486	3523	16287	16600	16254
0:40:26	37.0	226	191	182	1444	1377	1309	3108	3134	3025	3901	3840	3895	17152	17478	17137
0:45:26	36.9	243	218	197	1562	1490	1425	3331	3369	3265	4205	4119	4139	17996	18284	17923
0:50:26	37.0	250	234	217	1668	1597	1518	3602	3602	3501	4489	4437	4430	18716	19052	18603
0:55:26	37.0	282	246	229	1790	1709	1648	3796	3842	3748	4727	4726	4715	19350	19633	19283
1:00:26	37.0	293	265	243	1894	1791	1726	3992	4007	3914	5048	4994	4939	20049	20445	19950
1:05:26	37.0	310	277	251	1983	1871	1806	4186	4216	4108	5343	5235	5273	20536	20937	20449
1:10:26	37.0	322	285	250	2044	1931	1874	4317	4387	4261	5561	5471	5529	21148	21380	20959
1:15:26	37.0	334	308	276	2094	1993	1911	4500	4554	4391	5809	5740	5751	21620	21814	21415
1:20:26	36.9	337	305	274	2149	2039	1982	4612	4627	4557	6039	5930	5931	22065	22338	21844
1:25:26	37.0	358	314	290	2222	2109	2036	4747	4794	4673	6226	6169	6190	22315	22697	22155
1:30:26	37.0	351	312	288	2261	2164	2067	4888	4878	4776	6477	6363	6317	22713	22997	22441
1:35:26	37.0	354	332	296	2320	2194	2106	4940	5020	4825	6551	6482	6504	22953	23243	22714
1:40:26	37.0	364	341	287	2363	2231	2149	5088	5094	4936	6717	6639	6625	23282	23654	22974
1:45:26	37.0	376	336	308	2404	2277	2172	5132	5165	5045	6908	6791	6815	23415	23743	23225
1:50:26	37.0	382	343	308	2422	2298	2178	5217	5258	5113	6957	6913	6902	23602	24060	23402
1:55:26	37.0	393	346	313	2461	2340	2228	5297	5318	5178	7090	7041	7027	23713	24167	23571
2:00:26	37.0	385	343	321	2500	2373	2253	5411	5358	5237	7214	7120	7103	24061	24256	23761
2:05:26	37.0	386	343	316	2489	2397	2280	5433	5474	5311	7342	7223	7227	24120	24402	23829
2:10:26	37.0	391	351	325	2526	2395	2281	5488	5528	5377	7459	7364	7351	24272	24501	23976
2:15:26	37.0	398	352	325	2562	2444	2350	5571	5562	5447	7550	7459	7449	24276	24655	23989
2:20:26	37.0	388	352	324	2581	2458	2337	5610	5615	5496	7617	7503	7483	24515	24671	24067
2:25:26	36.9	395	365	327	2583	2457	2371	5655	5714	5540	7744	7667	7603	24396	24593	24127
2:30:26	37.0	391	368	332	2639	2504	2373	5694	5765	5572	7768	7716	7678	24378	24684	24116
2:35:26	37.0	401	362	330	2625	2506	2373	5725	5783	5633	7874	7752	7807	24389	24668	24140
2:40:26	37.0	407	362	333	2629	2527	2408	5762	5802	5689	7950	7840	7847	24569	24686	24175
2:45:26	37.0	392	366	341	2655	2525	2420	5813	5844	5684	8013	7922	7925	24343	24767	24111
2:50:26	37.0	409	358	333	2690	2519	2431	5855	5856	5711	8069	7989	7961	24550	24805	24124
2:55:26	37.0	408	372	328	2701	2574	2412	5860	5917	5715	8137	8021	8076	24380	24611	24122
3:00:26	36.9	404	363	345	2681	2533	2448	5929	5979	5729	8156	8100	8084	24457	24753	24083
3:05:26	37.0	408	369	342	2716	2585	2456	5913	5963	5784	8249	8087	8104	24377	24795	24134
3:10:26	36.9	400	375	345	2708	2588	2469	5990	5984	5831	8253	8189	8196	24465	24714	24223
3:15:26	37.0	404	371	339	2723	2575	2472	5971	6034	5831	8340	8205	8259	24407	24691	24076
3:20:26	37.0	408	370	342	2734	2578	2491	5967	6058	5861	8339	8275	8305	24476	24782	24204
3:25:26	37.0	413	373	348	2720	2575	2462	6008	6012	5829	8396	8353	8271	24425	24757	24037
3:30:26	37.0	412	384	344	2756	2603	2508	6048	6097	5877	8411	8325	8340	24428	24615	24154
3:35:26	37.0	402	374	349	2764	2580	2485	6040	6098	5915	8510	8407	8363	24309	24781	24116
3:40:26	37.0	414	370	343	2766	2607	2492	6071	6123	5892	8530	8421	8414	24442	24734	24089
3:45:26	37.0	417	374	341	2761	2620	2500	6065	6086	5936	8532	8431	8450	24420	24632	24123
3:50:26	37.0	405	378	342	2753	2610	2480	6076	6124	5921	8515	8397	8454	24361	24635	23954
3:55:26	37.0	417	381	349	2785	2635	2506	6108	6147	5925	8532	8481	8382	24324	24593	24019
4:00:26	36.9	405	373	346	2753	2608	2498	6072	6159	5949	8563	8482	8441	24378	24613	24072
4:05:26	37.0	421	379	341	2769	2613	2499	6122	6140	5978	8613	8475	8456	24369	24616	24037
4:10:26	37.0	408	384	350	2762	2623	2498	6119	6183	5970	8576	8449	8454	24325	24570	24073
4:15:26	37.0	405	378	342	2762	2650	2512	6170	6161	5957	8548	8467	8472	24373	24646	23981
4:20:26	37.0	424	383	349	2775	2621	2522	6105	6165	5968	8534	8478	8504	24360	24616	23993
4:25:26	37.0	414	393	350	2800	2631	2513	6113	6140	5956	8607	8535	8437	24299	24553	23967
4:30:26	37.0	414	379	350	2789	2648	2532	6107	6198	5995	8609	8464	8442	24245	24522	24051
4:35:26	37.0	427	382	339	2759	2635	2507	6144	6201	5993	8587	8480	8483	24290	24563	24015
4:40:26	37.0	417	389	346	2816	2626	2523	6124	6190	6021	8608	8511	8494	24262	24557	23968
4:45:26	37.0	415	379	350	2775	2638	2536	6134	6195	6023	8614	8493	8489	24275	24526	24021
4:50:26	37.0	425	383	345	2780	2638	2526	6156	6160	6001	8586	8494	8498	24350	24495	23985
4:55:26	37.0	422	388	354	2782	2636	2547	6111	6142	5975	8610	8546	8518	24160	24530	23899
5:00:26	37.0	415	389	348	2783	2654	2530	6163	6191	6003	8616	8518	8529	24299	24511	23919
5:05:26	37.0	422	394	345	2780	2658	2515	6112	6185	6014	8606	8509	8518	24291	24606	24067
5:10:26	37.0	417	386	352	2794	2660	2545	6148	6204	5963	8651	8534	8473	24243	24620	23867
5:15:26	37.0	423	385	360	2786	2621	2533	6161	6181	6020	8625	8491	8495	24148	24536	23990
5:20:26	37.0	425	388	353	2789	2634	2534	6150	6172	6037	8610	8502	8528	24292	24538	23929
5:25:26	37.0	424	382	347	2778	2634	2514	6161	6179	5982	8631	8545	8442	24213	24532	23944
5:30:26	37.0	429	388	365	2797	2653	2547	6155	6211	6023	8626	8531	8546	24229	24601	23957
5:35:26	37.0	416	385	360	2784	2665	2511	6154	6195	6039	8615	8554	8457	24247	24521	23846
5:40:26	37.0	410	394	356	2784	2640	2540	6109	6207	6015	8613	8584	8506	24244	24584	23804
5:45:26	37.0	431	389	356	2784	2631	2537	6150	6219	6013	8658	8513	8502	24266	24548	23934
5:50:26	37.0	421	383	350	2777	2671	2551	6185	6177	5957	8576	8546	8477	24335	24525	23875
5:55:26	37.0	417	383	362	2760	2623	2530	6149	6196	6014	8614	8558	8499	24200	24595	23904
6:00:26	37.0	429	395	358	2808	2659	2553	6182	6194	5965	8630	8522	8561	24240	24489	23924

Results

Well ID	SPL1			SPL2			SPL3			SPL4			SPL5			
Well	B2	B4	B6	D2	D4	D6	F2	F4	F6	H2	H4	H6	J2	J4	J6	
Max V [GFP-F-G35:485/20,528/20]	11880.000	10760.000	9820.000	75300.000	72720.000	69260.000	160160.000	158920.000	153780.000	195880.000	191840.000	194380.000	738940.000	724420.000	709540.000	
R-Squared [GFP-F-G35:485/20,528/20]	1.000	1.000	1.000	0.996	0.997	0.997	0.992	0.992	0.993	0.988	0.989	0.990	0.911	0.923	0.920	
t at Max V [GFP-F-G35:485/20,528/20]	0:35:00	0:35:00	0:35:00	0:10:00	0:10:00	0:10:00	0:10:00	0:10:00	0:10:00	0:10:00	0:10:00	0:10:00	0:10:00	0:10:00	0:10:00	
Lagtime [GFP-F-G35:485/20,528/20]	0:00:26	0:01:36	0:02:05	?????	?????	?????	?????	?????	?????	?????	?????	?????	?????	?????	?????	
Max V [GFP-M-G100:485,528]	4880.000	4380.000	3820.000	30920.000	28800.000	26740.000	65140.000	64960.000	63220.000	80040.000	79120.000	77820.000	373880.000	362480.000	354860.000	
R-Squared [GFP-M-G100:485,528]	0.987	0.993	0.987	0.994	0.994	0.995	0.986	0.982	0.984	0.975	0.981	0.980	0.894	0.904	0.911	
t at Max V [GFP-M-G100:485,528]	0:10:26	0:25:26	0:35:26	0:10:26	0:10:26	0:10:26	0:10:26	0:10:26	0:10:26	0:10:26	0:10:26	0:10:26	0:10:26	0:10:26	0:10:26	
Lagtime [GFP-M-G100:485,528]	?????	0:01:14	0:03:55	?????	?????	?????	?????	?????	?????	?????	?????	?????	?????	?????	?????	
Count	2			0			0			0			0			
Mean	0:02:34			?????			?????			?????			?????			
Std Dev	0:01:54			?????			?????			?????			?????			
CV (%)	73.702			?????			?????			?????			?????			

