CDK

	Protocol		PURE Timeseries
Experiment File Name:	20260330-123133-cytation5-pure-timecourse-gfp-MFG-196,MFG-194,MFG-193-QC.xpt		
Experiment File Path:	C:\Users\bnext\Documents\Biotek\experiments\20260330-123133-cytation5-pure-timecourse-gfp-MFG-196,MFG-194,MFG-193-QC.xpt		
Protocol File Path:	C:\Users\bnext\Documents\Biotek\protocols\cytation5_protocols\cytation5-pure-timecourse-gfp.prt		
Protocol File Name:	cytation5-pure-timecourse-gfp		
Reading Date/Time:	3/30/2026 12:34:03 PM		
Plate Number:	Plate 1		
Plate ID:			
Barcode:			
Reader Serial Number:	1705168		
Plate Comment:			
Reader Type:	Cytation5		

Procedure Summary

Plate Type	Greiner 384 SV NoBind AutoMap
Well Selection	Runtime
Eject plate on completion	
Set Temperature	Temperature:  Setpoint 37 °C
Start Kinetic	Start Kinetic [Run 6:00:00, Interval 0:05:00]
Read	Read:  GFP-G70 (F) 485,528
Read	Read:  GFP-Gext (F) 485,528
End Kinetic	End Kinetic
Set Temperature	Temperature:  Off

PURE:GFP-Gext:485,528

Time	T° GFP-Gext:485,528	A1	A2	A3	A4	A5	A6	A7	A8	A9	A10	A11	A12	A13	A14	A15	A16	A17	A18	A19	A20	A21	A22	A23	A24	B1	B2	B3	B4	B5	B6	B7	B8	B9	B10	B11	B12	B13	B14	B15	B16	B17	B18	B19	B20	B21	B22	B23	B24	C1	C2	C3	C4	C5	C6	C7	C8	C9	C10	C11	C12	C13	C14	C15	C16	C17	C18	C19	C20	C21	C22	C23	C24	D1	D2	D3	D4	D5	D6	D7	D8	D9	D10	D11	D12	D13	D14	D15	D16	D17	D18	D19	D20	D21	D22	D23	D24	E1	E2	E3	E4	E5	E6	E7	E8	E9	E10	E11	E12	E13	E14	E15	E16	E17	E18	E19	E20	E21	E22	E23	E24	F1	F2	F3	F4	F5	F6	F7	F8	F9	F10	F11	F12	F13	F14	F15	F16	F17	F18	F19	F20	F21	F22	F23	F24	G1	G2	G3	G4	G5	G6	G7	G8	G9	G10	G11	G12	G13	G14	G15	G16	G17	G18	G19	G20	G21	G22	G23	G24	H1	H2	H3	H4	H5	H6	H7	H8	H9	H10	H11	H12	H13	H14	H15	H16	H17	H18	H19	H20	H21	H22	H23	H24	I1	I2	I3	I4	I5	I6	I7	I8	I9	I10	I11	I12	I13	I14	I15	I16	I17	I18	I19	I20	I21	I22	I23	I24	J1	J2	J3	J4	J5	J6	J7	J8	J9	J10	J11	J12	J13	J14	J15	J16	J17	J18	J19	J20	J21	J22	J23	J24	K1	K2	K3	K4	K5	K6	K7	K8	K9	K10	K11	K12	K13	K14	K15	K16	K17	K18	K19	K20	K21	K22	K23	K24	L1	L2	L3	L4	L5	L6	L7	L8	L9	L10	L11	L12	L13	L14	L15	L16	L17	L18	L19	L20	L21	L22	L23	L24	M1	M2	M3	M4	M5	M6	M7	M8	M9	M10	M11	M12	M13	M14	M15	M16	M17	M18	M19	M20	M21	M22	M23	M24	N1	N2	N3	N4	N5	N6	N7	N8	N9	N10	N11	N12	N13	N14	N15	N16	N17	N18	N19	N20	N21	N22	N23	N24	O1	O2	O3	O4	O5	O6	O7	O8	O9	O10	O11	O12	O13	O14	O15	O16	O17	O18	O19	O20	O21	O22	O23	O24	P1	P2	P3	P4	P5	P6	P7	P8	P9	P10	P11	P12	P13	P14	P15	P16	P17	P18	P19	P20	P21	P22	P23	P24
0:00:47	28.0																										654	112	313	95	357	115	301	103	414	114	420	110	315	110	260	100	229	102	856902						136	113	108	102	111	115	106	114	112	103	113	115	110	101	117	110	118	110	99						774	105	332	107	327	118	325	116	374	96	419	96	288	93	281	115	113	102	860769						124	102	114	101	103	105	114	109	109	88	112	103	105	115	107	98	107	104	117						854	111	378	110	370	108	301	98	439	93	398	96	293	116	264	120	93	103	877673																																																																																																																																																																																																																																																				
0:05:47	34.3																										3012	107	1291	138	1150	96	985	107	385	97	440	94	315	104	735	106	243	106	854013						122	120	116	100	114	109	115	105	111	99	102	102	94	117	103	99	109	106	106						3613	121	1614	107	1299	106	1240	109	380	93	418	97	312	121	852	107	99	99	856837						116	124	114	119	108	100	108	115	109	97	106	94	103	90	78	106	103	107	113						3936	104	2132	117	1630	115	1477	106	431	101	499	102	346	102	840	101	112	98	881221																																																																																																																																																																																																																																																				
0:10:47	37.0																										12344	108	8418	129	7060	101	7381	105	1025	109	958	110	1185	107	3351	110	236	84	847057						114	117	99	114	109	112	94	116	89	99	96	103	98	100	100	107	114	91	113						14419	107	10141	101	7507	102	8218	98	1075	105	1485	107	1540	123	4023	96	84	96	849006						100	123	111	103	105	109	93	114	93	111	101	101	99	104	99	98	98	114	99						15413	118	12313	100	8871	128	9371	110	1790	102	4266	106	2660	108	3754	117	89	112	869817																																																																																																																																																																																																																																																				
0:15:47	37.1																										38553	115	31234	126	25904	109	30444	121	8777	103	8530	92	8820	99	12876	105	233	99	834801						100	112	119	103	106	98	105	119	104	100	84	108	104	100	97	108	114	104	122						43910	108	35200	112	25958	110	32199	105	9139	107	11480	93	10083	110	14152	120	101	103	843812						117	105	110	107	113	107	108	117	107	101	97	106	95	94	115	106	106	95	118						45869	99	39790	120	29577	92	34737	96	12990	93	23544	97	15502	107	12983	109	105	119	855917																																																																																																																																																																																																																																																				
0:20:47	37.0																										86558	121	71960	136	59755	109	74577	110	29943	99	28772	93	27406	100	31986	104	216	101	822741						109	116	96	99	111	110	111	108	100	103	94	92	105	105	88	100	103	111	102						96807	111	78888	102	59188	97	76423	110	30056	92	35370	104	29751	101	34448	97	110	98	829993						109	119	111	115	98	102	102	97	104	96	100	98	111	113	113	107	106	103	102						96942	121	87862	108	66250	93	80013	110	39339	91	62926	112	41472	95	30939	108	91	95	839197																																																																																																																																																																																																																																																				
0:25:47	37.0																										150421	106	124439	127	104517	121	132703	101	61243	92	58670	98	54234	114	61066	96	227	95	816927						114	110	114	119	109	107	103	102	91	105	105	89	117	90	96	101	103	102	108						164508	99	135875	112	103756	89	136748	102	61618	107	70927	99	57872	86	65979	99	96	113	823649						117	116	115	114	124	109	118	106	94	103	87	93	89	103	102	107	101	101	115						162443	106	147855	130	112182	118	138527	111	77361	103	116648	103	76824	97	57271	100	95	112	831412																																																																																																																																																																																																																																																				
0:30:47	37.1																										220943	103	185369	129	155632	101	200338	114	99383	103	95674	79	86424	96	97106	100	218	102	812958						108	111	106	113	111	100	109	117	101	103	108	107	101	94	101	108	102	97	94						240589	100	199478	110	153731	93	203520	102	99267	94	112843	119	91719	104	104048	95	108	103	819213						107	96	113	114	116	110	103	98	105	96	117	102	106	109	96	107	87	118	101						233200	102	213235	107	165348	94	204659	103	121616	126	177067	92	117895	99	91058	111	82	116	822694																																																																																																																																																																																																																																																				
0:35:47	37.0																										293275	121	246875	119	208494	113	266951	111	139685	84	134524	101	119940	101	136886	104	223	104	805792						113	104	111	100	101	112	107	107	104	77	108	109	104	80	101	98	107	107	113						316027	100	264813	108	206288	110	272529	108	139051	88	156595	104	126134	85	145819	97	91	105	810919						106	123	117	99	110	100	114	93	108	100	88	98	85	106	108	87	101	101	96						305843	105	280896	110	218032	91	271798	105	167371	99	238053	105	159616	86	126453	107	116	96	813861																																																																																																																																																																																																																																																				
0:40:47	37.0																										363175	99	308658	124	261664	102	336339	106	178778	89	173624	101	153645	97	179040	111	250	106	802090						105	109	116	107	98	104	97	112	90	93	103	99	99	104	111	93	103	104	98						421504	127	328955	107	257071	116	339674	99	178366	103	200084	94	160709	101	189995	99	101	114	814585						99	122	110	105	125	100	109	96	102	95	108	104	118	94	122	117	107	99	89						408174	107	346910	102	270769	113	337813	111	211909	88	297688	105	200421	96	163403	95	97	103	813953																																																																																																																																																																																																																																																				
0:45:47	37.0																										463411	101	393810	136	312795	99	430937	96	215488	93	209567	101	185546	104	221135	104	230	97	794300						114	110	96	106	108	121	128	98	98	83	96	97	97	103	102	94	91	106	106						492984	110	419624	101	306633	111	434189	104	214689	108	240791	103	193132	104	233004	99	96	109	807153						110	119	114	113	110	108	116	104	99	97	103	91	97	110	94	93	92	89	109						471000	113	438537	122	318686	94	429199	103	254664	97	351586	107	238210	92	200721	106	97	93	805882																																																																																																																																																																																																																																																				
0:50:47	37.0																										526470	118	453779	118	361985	115	492341	102	250103	107	244865	91	216820	90	263419	93	262	95	794986						109	109	103	104	113	101	107	104	108	99	109	93	103	89	96	100	101	104	101						554342	112	477950	105	353348	102	496351	98	250324	109	281125	97	226746	103	277641	97	100	110	812778						116	95	114	107	100	113	100	93	108	99	95	110	108	89	121	97	84	104	112						533765	111	497655	118	396866	96	490943	110	293195	103	436539	107	276579	96	237534	100	90	82	807729																																																																																																																																																																																																																																																				
0:55:47	37.0																										572780	113	500893	125	438226	100	541923	115	279474	99	275103	92	244281	97	300912	100	281	95	789429						117	104	104	116	106	108	103	116	99	83	99	102	101	93	86	116	92	109	102						602426	116	525973	104	425714	103	545619	97	277706	104	314735	111	254531	86	317006	105	93	92	805121						88	102	110	95	114	106	102	104	91	102	110	97	97	80	108	104	91	115	104						578261	99	545886	113	440035	92	532793	111	323986	116	483714	105	308652	96	272214	109	110	96	804253																																																																																																																																																																																																																																																				
1:00:47	37.0																										614822	122	540064	118	479406	84	584809	115	303520	91	303522	100	269359	96	340368	106	264	105	785317						133	105	106	103	117	117	105	108	118	90	101	81	95	95	104	91	100	116	117						645605	100	565471	114	470030	100	584249	106	303015	123	344821	101	279009	112	355800	101	111	110	803590						107	106	105	98	111	117	85	102	109	102	109	99	97	92	99	104	96	95	100						615384	118	589012	118	478624	109	573991	96	351441	106	532429	86	339706	95	303732	102	101	99	796911																																																																																																																																																																																																																																																				
1:05:47	37.1																										650780	100	575978	118	517472	93	619774	114	326413	101	330401	94	293601	104	409134	91	275	99	784798						104	113	106	96	112	123	102	100	97	95	83	95	114	95	106	101	85	102	100						680876	110	602618	90	502740	104	622687	110	325744	111	404716	113	305934	95	425702	97	102	102	800846						103	107	103	106	105	105	123	106	86	92	94	107	99	95	110	111	112	110	106						649835	105	618947	98	509702	109	608864	105	405389	85	571128	110	367022	118	337053	96	107	103	797615																																																																																																																																																																																																																																																				
1:10:47	37.0																										677552	114	603993	118	545996	101	648470	100	344091	90	352338	115	312794	86	442780	95	287	104	776964						115	124	102	92	100	104	104	100	92	91	92	76	106	81	101	91	99	104	108						710043	109	627334	83	527601	109	647591	113	339618	104	428860	97	324523	99	463281	101	99	99	794718						123	102	117	92	93	84	118	110	109	113	96	114	87	88	98	96	102	90	103						674053	104	648520	122	538429	104	631303	112	429133	112	607676	95	424160	102	366133	113	112	87	794132																																																																																																																																																																																																																																																				
1:15:47	37.0																										701986	99	631629	129	571139	96	673121	118	357541	98	401139	97	332833	94	479385	84	293	105	778021						118	104	97	111	113	114	101	104	96	89	108	102	95	101	114	106	96	80	105						735060	110	654887	103	550988	116	678411	105	356047	85	456401	96	344025	101	499453	99	87	93	797949						121	118	111	113	125	114	103	110	107	89	108	103	97	99	115	98	92	107	102						699846	103	675574	114	557086	115	654874	103	442701	102	635828	91	447126	100	426205	87	97	110	789331																																																																																																																																																																																																																																																				
1:20:47	37.0																										722986	126	650158	119	585134	120	690555	104	399912	88	421801	107	350833	98	511987	110	306	99	774070						116	102	119	104	106	102	105	100	82	123	85	90	86	103	110	102	111	86	96						753655	97	674278	111	569690	101	694173	104	364615	101	478057	108	362548	107	530930	102	94	102	795867						106	116	103	110	108	99	98	114	92	107	115	88	88	102	103	89	90	108	111						719462	102	694226	96	575278	103	676018	121	457762	94	663642	106	472000	99	451893	98	88	89	789806																																																																																																																																																																																																																																																				
1:25:47	37.0																										738319	110	667519	116	603359	104	707882	104	406506	101	437199	101	393633	96	540510	84	300	109	773279						109	87	111	102	109	106	110	116	108	82	101	93	99	103	106	81	105	120	101						772094	120	691378	82	586221	110	708192	104	401954	90	493753	92	410422	114	562665	107	89	99	791421						105	123	114	101	115	117	114	103	115	85	107	80	82	86	108	97	102	111	110						732354	112	710252	101	585027	103	689043	110	462670	101	681025	104	486326	86	477943	102	93	90	787877																																																																																																																																																																																																																																																				
1:30:47	37.0																										747245	95	681193	109	610658	105	724143	106	411958	94	445994	91	410533	109	569769	117	303	105	770141						108	136	103	103	115	101	98	115	107	109	96	97	103	106	101	86	98	98	105						779055	104	708254	84	589902	88	722569	115	408671	97	506941	103	424883	110	593799	107	100	105	791743						104	116	122	103	92	105	112	102	93	95	86	96	104	89	108	92	90	107	109						744082	109	725711	103	594765	118	699009	102	473294	98	699087	93	504885	103	503958	110	97	105	788480																																																																																																																																																																																																																																																				
1:35:47	37.0																										760986	113	694360	111	626178	102	732204	104	417593	100	460490	91	422600	89	598955	117	320	88	774914						105	110	84	99	117	99	86	107	104	101	117	101	86	95	92	97	95	106	108						786808	104	717827	104	608184	106	733342	99	412679	100	521346	102	437121	100	621741	109	103	91	788581						110	110	125	106	107	101	87	96	99	92	86	106	97	101	112	100	107	106	105						753638	90	743615	93	602772	101	709660	120	477662	95	716180	84	519131	90	529924	85	95	108	785110																																																																																																																																																																																																																																																				
1:40:47	37.0																										767145	109	705246	124	626951	101	738297	93	421693	87	470909	111	434951	95	621980	107	308	100	770034						115	108	109	108	107	105	94	94	78	93	101	102	108	103	121	96	99	101	98						801618	94	731737	116	610230	89	736935	104	416281	109	528660	96	450184	88	638910	95	89	114	789337						108	118	111	100	106	114	92	107	107	95	101	95	100	90	97	104	88	96	106						763507	114	748963	94	611456	107	715180	109	476754	102	721005	97	526189	86	549738	103	91	98	783465																																																																																																																																																																																																																																																				
1:45:47	37.0																										775501	109	717332	121	633502	110	748183	121	423869	98	479739	86	444114	111	645494	110	335	107	767689						113	121	102	100	120	103	98	92	93	94	95	82	102	92	100	102	96	98	78						801412	101	739275	102	617572	97	744736	92	419276	97	537299	113	458056	94	667643	102	102	91	789284						105	108	101	103	130	101	98	106	96	98	101	93	108	101	97	94	103	113	104						766424	102	759119	87	612231	115	722329	115	480049	91	733034	84	541997	98	568895	124	104	97	782726																																																																																																																																																																																																																																																				
1:50:47	37.0																										778437	101	722071	103	638918	98	751537	96	423670	109	482901	75	450642	100	668066	103	331	122	768644						121	111	89	93	107	106	101	107	92	88	100	107	106	100	117	98	94	101	120						810379	99	742801	98	617165	117	750330	119	422428	96	541558	115	466334	81	692149	116	107	99	786609						91	112	111	103	112	84	101	97	108	73	94	106	97	109	105	84	94	82	108						773197	102	762175	110	615903	108	725523	93	484491	89	735498	95	544167	91	588822	110	100	109	780801																																																																																																																																																																																																																																																				
1:55:47	37.0																										779785	103	725996	117	639436	114	751166	88	426692	100	488336	95	456801	100	685293	106	349	92	768330						112	116	111	100	86	106	93	105	93	102	109	106	100	105	99	94	105	91	93						811676	121	750111	107	619400	97	753616	108	422391	97	548099	88	471854	102	708616	101	76	112	784736						114	114	112	104	102	103	111	118	90	95	86	93	107	94	93	108	107	84	96						773609	105	767062	98	617974	110	729040	96	480200	88	742861	95	552603	95	607413	92	111	98	780747																																																																																																																																																																																																																																																				
2:00:47	37.0																										782774	99	728093	109	639242	102	752169	92	429925	106	489772	116	463648	104	697895	115	341	100	766185						122	116	97	105	87	93	110	119	96	99	86	102	113	104	91	94	95	103	105						811683	118	751438	102	621309	95	753635	103	420338	94	551465	92	474526	98	726663	107	97	88	783798						105	125	90	93	102	93	99	101	103	92	112	93	100	102	100	89	81	102	91						771634	106	772369	101	617457	101	729774	102	481569	99	738307	116	555747	103	622616	95	106	98	775212																																																																																																																																																																																																																																																				
2:05:47	37.0																										782815	99	731532	125	643586	100	760954	117	428707	104	493368	92	464536	100	719154	88	355	94	767754						108	114	93	92	96	102	116	113	106	92	85	110	99	94	83	102	107	111	111						814930	116	759033	97	628169	105	754713	107	420618	96	550726	89	480617	103	740739	96	102	117	782692						104	114	120	100	101	118	89	100	87	88	101	99	91	96	108	85	106	95	110						773947	97	774108	92	618839	99	735335	94	483065	89	738374	103	556651	96	636362	100	87	108	777343																																																																																																																																																																																																																																																				
2:10:47	37.0																										782675	102	730915	112	643653	99	755918	106	427119	104	496774	75	470244	99	736516	110	352	102	765055						128	109	94	108	114	97	98	106	103	92	97	99	97	89	98	98	97	92	94						814900	111	755337	93	622380	114	759404	109	423432	99	553152	118	481047	106	756333	93	100	100	780758						100	121	129	111	102	98	106	100	101	90	98	93	96	91	86	102	105	95	120						775957	115	772115	93	620223	107	733067	95	483910	98	743149	88	559155	101	650751	101	106	103	774892																																																																																																																																																																																																																																																				
2:15:47	37.0																										784803	100	734788	117	642100	113	757416	105	431653	95	495019	99	472416	106	751327	117	380	96	766446						121	115	96	100	111	103	102	112	93	96	105	107	104	108	85	102	97	116	103						814007	105	758516	110	627676	97	760955	101	421814	104	551845	122	486376	106	773933	108	91	93	783274						121	101	111	103	96	114	124	111	102	97	102	94	107	99	86	99	97	100	108						776151	94	775641	113	620688	107	734296	90	485332	109	742482	98	562212	102	663249	91	90	89	776132																																																																																																																																																																																																																																																				
2:20:47	37.1																										783187	104	736117	118	646067	92	757030	98	428166	108	495302	101	473687	91	761735	95	367	95	764795						111	107	98	90	101	106	101	116	100	93	99	91	86	96	104	96	91	102	95						813556	104	757582	93	624361	104	757230	94	421222	91	554071	103	483491	98	783282	103	96	95	776767						99	110	106	111	106	92	106	93	100	98	85	90	96	94	98	103	97	109	97						773603	110	776381	91	623463	99	734529	109	485975	94	745029	104	563471	98	671075	99	98	95	773900																																																																																																																																																																																																																																																				
2:25:47	37.0																										786372	104	733869	123	646276	115	758970	111	429036	95	495151	87	471593	88	776655	99	340	112	768314						117	124	94	120	111	124	99	113	104	108	99	93	111	100	105	99	104	110	99						816316	118	759960	105	626671	98	757615	109	424147	98	557715	92	490570	112	800495	97	100	99	774806						109	114	94	86	100	101	103	100	107	87	83	104	109	106	96	100	105	105	94						775764	100	775832	96	621469	105	736118	103	481972	93	744327	101	566977	100	688091	101	104	90	774580																																																																																																																																																																																																																																																				
2:30:47	37.0																										784005	102	737652	118	649117	105	760253	111	429352	90	496051	96	474717	94	785663	92	375	89	763978						111	105	119	104	124	99	97	121	104	93	102	101	80	81	119	106	102	103	113						814813	116	759505	104	624580	92	755782	98	423126	101	559288	93	489001	103	809523	96	96	119	777317						115	98	117	123	108	110	99	106	100	95	100	98	90	92	97	97	88	98	109						772144	110	776489	98	621344	108	733263	100	486577	81	741998	108	564309	97	691365	91	102	99	773300																																																																																																																																																																																																																																																				
2:35:47	37.0																										783053	105	737401	119	643786	109	757354	83	429902	98	497282	82	476292	88	794246	97	373	104	764044						110	109	95	120	104	108	96	109	101	108	101	108	114	99	92	90	84	85	99						811396	98	757100	98	624970	97	756525	96	422098	86	556522	92	486909	101	812958	94	90	93	776101						98	97	123	117	92	103	109	116	87	96	90	93	91	101	101	102	92	102	98						778576	115	776888	98	621832	99	732303	108	484408	103	741284	95	564894	97	699142	90	94	98	773078																																																																																																																																																																																																																																																				
2:40:47	37.1																										783712	120	735508	113	646325	86	756168	111	430653	100	496280	97	476380	90	801673	89	342	94	763842						99	114	100	98	112	104	93	121	94	89	102	94	89	98	77	90	104	102	100						812072	117	756948	94	622448	113	755906	99	419400	95	553306	87	488785	98	817104	91	99	94	775657						107	103	98	87	110	95	99	107	97	95	89	91	92	88	106	91	108	90	112						775006	108	775807	98	618354	96	731418	80	482394	95	739009	105	563595	86	704056	103	93	99	768347																																																																																																																																																																																																																																																				
2:45:47	37.0																										788320	105	732512	121	643837	107	757919	115	426744	93	498427	102	474826	104	804901	111	372	113	764381						103	106	106	86	99	110	97	105	86	91	83	100	94	101	114	110	102	94	96						810812	95	758378	110	620792	101	757387	110	420607	100	553111	105	488433	102	825450	97	102	90	774582						116	99	89	77	96	104	99	118	97	83	85	98	90	94	99	97	97	95	103						774643	111	778039	91	619942	103	733751	105	483923	105	740194	92	562975	90	710236	105	97	101	765462																																																																																																																																																																																																																																																				
2:50:47	37.0																										784459	117	735434	129	643097	100	760362	108	429527	110	500349	89	477505	90	812980	86	375	91	760931						119	109	97	115	109	98	96	101	107	105	98	104	94	92	100	109	87	87	104						813469	119	759504	104	627142	119	760705	97	424287	98	555888	99	488117	96	834597	100	84	100	769766						112	121	110	91	104	100	97	99	98	99	102	92	91	86	94	101	95	115	108						774679	107	773192	99	624129	100	735922	83	488797	97	741934	96	565795	99	720305	98	94	94	773748																																																																																																																																																																																																																																																				
2:55:47	37.0																										786866	130	733933	115	643266	102	757448	91	429795	114	498186	91	476935	96	815553	89	373	114	759924						97	118	88	110	97	111	105	111	92	86	96	96	99	98	97	98	99	113	96						811480	93	757043	91	623532	98	760487	103	423583	98	554996	78	489668	96	833468	93	96	113	773523						111	112	112	102	99	108	104	106	92	96	85	116	84	103	89	94	103	96	90						774490	100	773379	107	619732	99	733325	94	482691	91	741280	93	565872	95	724160	99	101	111	769436																																																																																																																																																																																																																																																				
3:00:47	37.0																										784393	108	735906	118	639555	122	752720	105	426902	91	494392	104	475207	98	812619	104	412	94	759696						116	110	94	84	103	86	95	94	101	99	78	102	97	93	108	89	109	98	109						815210	104	755697	127	622266	110	753609	115	419135	82	553634	113	486806	91	835020	95	97	103	771039						124	111	96	113	93	109	98	106	85	89	87	108	97	83	98	93	97	99	103						770718	116	774551	110	619515	98	732748	92	481030	109	734231	109	562352	105	721454	97	105	118	769067																																																																																																																																																																																																																																																				
3:05:47	37.1																										779718	107	729932	115	642321	100	753149	104	427061	99	494532	111	473124	91	817146	89	416	97	759120						111	112	111	95	109	103	101	104	95	80	92	103	89	93	80	96	102	112	110						811685	105	756262	92	622780	114	756272	90	422214	85	555981	108	488237	101	836405	103	98	85	772305						108	102	116	108	96	109	94	95	107	100	108	97	94	88	102	100	94	104	95						774087	100	768008	101	616840	110	731506	100	481772	96	739130	87	566752	96	730444	91	92	101	767084																																																																																																																																																																																																																																																				
3:10:47	37.0																										781593	97	735697	113	643968	102	752043	95	425362	110	495568	100	476543	110	823717	98	409	99	761417						99	105	102	84	116	93	95	119	81	88	95	102	100	98	91	96	105	99	100						811367	106	759485	108	622955	88	754942	98	422330	105	554995	82	489899	95	847248	100	98	108	773468						117	106	103	97	94	89	100	100	88	94	101	93	101	94	97	111	104	101	113						774207	104	771494	94	618154	105	733104	83	482850	88	740830	101	567337	102	733871	111	101	100	767390																																																																																																																																																																																																																																																				
3:15:47	37.0																										778444	103	730660	111	639716	99	748691	106	425098	97	492477	100	472199	96	820399	105	438	95	757252						112	101	92	101	112	91	83	100	98	86	100	104	97	114	94	105	103	123	89						807407	109	752830	98	619536	98	752838	92	420308	86	551506	103	485944	85	838493	95	96	89	769623						89	118	97	118	98	102	110	106	93	90	93	88	100	102	105	102	85	98	107						771199	103	767782	114	615982	106	729560	117	481873	93	734751	110	562893	87	729249	94	94	107	765180																																																																																																																																																																																																																																																				
3:20:47	37.0																										781038	91	730428	100	639275	103	751871	113	429196	92	493355	97	474091	96	823072	82	453	103	761936						115	114	101	104	126	98	94	110	91	91	108	99	82	105	105	105	95	96	106						810476	105	755713	109	625611	101	758017	101	419535	99	554598	97	486722	88	841336	97	110	100	768371						113	110	111	98	108	96	96	86	99	94	105	100	100	90	88	92	104	95	108						773031	111	771893	105	620134	96	731132	104	483297	84	738711	89	566624	94	738964	102	109	96	764147																																																																																																																																																																																																																																																				
3:25:47	37.1																										779497	121	730840	108	638517	101	749349	113	427013	106	493263	91	474602	102	819745	101	441	101	758720						116	101	100	112	121	106	114	111	101	89	90	92	88	101	92	108	76	92	105						805518	116	751488	98	619157	106	751628	103	419741	98	551229	108	487079	83	840914	96	93	94	764517						90	100	109	103	109	104	93	109	110	109	88	89	92	103	99	87	98	93	102						767717	103	771750	107	617726	94	733997	94	480554	108	735634	103	564923	90	735265	92	106	117	765656																																																																																																																																																																																																																																																				
3:30:47	37.0																										781104	101	730554	108	639086	85	749945	90	426953	88	497224	91	471694	100	819470	76	468	90	755503						88	113	97	105	110	102	91	103	99	103	98	104	101	101	91	96	99	102	117						805426	96	751693	123	620054	93	752701	93	420293	88	550596	97	484362	89	837983	99	107	95	768566						105	107	101	100	99	103	100	104	108	101	96	103	83	103	92	96	87	91	109						767365	102	766804	100	615417	94	726761	102	480709	83	733424	89	561659	97	736404	108	102	88	765182																																																																																																																																																																																																																																																				
3:35:47	37.0																										776781	118	728601	124	636006	117	753455	114	427453	102	494414	105	475062	107	822238	108	444	106	758283						101	102	107	104	99	93	106	103	112	91	103	94	87	87	104	112	99	84	101						809053	119	753488	115	621450	100	756890	89	420604	94	549880	88	486974	98	839779	101	103	90	764698						111	129	114	108	111	98	97	103	93	91	98	107	96	92	93	100	99	102	115						769656	108	768904	98	616701	115	729732	97	479608	90	733552	96	563156	99	737634	107	97	117	767761																																																																																																																																																																																																																																																				
3:40:47	37.0																										785396	107	729100	115	635945	94	751006	106	427736	99	492884	95	471948	95	821021	96	466	104	759831						98	115	90	98	106	102	113	108	101	89	87	111	108	99	101	101	95	121	100						808689	116	753330	96	620314	106	753003	96	419930	98	550091	103	483521	85	843922	100	91	108	767513						108	109	113	106	111	101	92	101	91	93	89	91	93	95	101	102	94	97	105						770322	115	770230	102	617453	90	730161	91	482280	102	736451	104	563861	87	741476	82	86	98	765589																																																																																																																																																																																																																																																				
3:45:47	37.0																										777699	113	728027	122	637193	96	752390	106	427899	81	496625	95	475873	105	825559	102	488	103	761529						107	103	92	107	121	100	91	107	86	109	93	97	98	101	104	96	101	103	107						806529	103	751819	108	622044	93	751528	105	422786	100	555590	106	485716	102	844987	94	93	105	768524						123	110	115	95	109	108	107	96	87	99	93	104	109	96	108	106	107	97	111						769958	109	766977	102	619137	97	730668	91	483565	92	737620	98	566215	96	744299	101	88	108	763380																																																																																																																																																																																																																																																				
3:50:47	37.0																										779946	84	729859	108	639678	102	749533	98	427649	90	495580	90	474104	94	822374	118	461	99	760577						118	91	100	104	100	95	109	120	110	107	93	91	101	103	112	98	101	118	101						806601	116	753216	96	619580	113	752730	84	419332	84	553636	84	488031	98	841985	86	81	99	765820						104	107	100	116	113	104	101	98	111	101	82	102	105	89	96	104	100	111	94						767981	110	767874	106	622318	104	730407	97	483647	90	738747	110	564441	108	739935	96	106	105	762717																																																																																																																																																																																																																																																				
3:55:47	37.1																										778926	128	725582	122	637325	112	750132	100	427870	98	495056	89	474497	91	821209	93	472	100	756692						103	112	99	101	124	98	91	99	93	96	109	81	106	99	102	104	100	94	90						805561	96	753090	107	617361	105	748094	98	418331	97	551772	93	485247	105	835575	94	98	105	766074						112	102	95	94	103	106	87	94	112	100	92	103	101	109	98	99	101	100	108						767220	104	766109	104	616411	92	725962	102	480632	88	734709	94	558000	100	736415	99	108	96	759881																																																																																																																																																																																																																																																				
4:00:47	37.0																										777128	100	729430	124	636067	103	751146	106	428140	85	490524	91	472512	78	822339	100	501	102	758453						104	105	96	94	98	110	104	97	105	93	100	87	99	95	99	105	107	106	97						802495	98	748316	107	618232	97	755498	108	419676	99	551913	108	481621	109	837366	93	96	105	761288						103	117	116	104	96	100	94	92	98	92	100	86	92	105	92	108	94	98	100						767612	113	767518	111	615836	110	728939	97	479595	91	731629	90	561513	93	737610	97	107	92	762083																																																																																																																																																																																																																																																				
4:05:47	37.0																										775768	111	730653	119	634446	112	749687	116	426388	105	491967	100	470773	106	822205	106	518	93	760157						119	106	107	102	108	101	102	116	95	103	100	99	96	94	106	92	93	87	95						805080	111	748456	88	621594	99	749209	95	419627	102	552497	104	485280	93	836764	110	95	105	767201						110	115	103	109	95	106	87	102	112	93	95	88	97	87	94	96	101	111	105						768783	97	766937	102	619648	87	731086	103	478728	93	735117	84	563298	94	736820	89	96	84	760087																																																																																																																																																																																																																																																				
4:10:47	37.0																										774546	108	727729	125	637030	98	748222	90	429201	101	491045	96	470739	99	819552	86	528	94	755814						113	102	95	98	111	103	105	105	97	83	99	91	87	93	76	102	90	97	112						803004	103	747706	97	615874	82	751436	110	419809	95	548793	110	487423	84	837961	100	96	107	764468						95	111	109	102	110	104	91	92	92	91	89	95	111	113	100	95	90	90	110						763989	103	763553	90	615252	95	727657	90	479399	86	732557	107	561212	95	734757	107	86	103	762945																																																																																																																																																																																																																																																				
4:15:47	37.0																										775423	101	727491	111	634922	110	748083	98	425258	117	492114	81	468600	101	817496	99	535	85	757086						111	116	107	106	107	107	96	106	94	85	97	80	82	105	98	92	105	100	112						802345	94	750695	98	620353	100	754164	97	417629	91	549620	105	486925	95	840060	87	101	110	761667						97	109	105	108	101	96	111	111	105	93	101	87	109	97	101	112	103	107	102						767443	103	765774	94	618386	103	728263	98	478923	102	734322	92	561590	96	735857	101	87	108	761282																																																																																																																																																																																																																																																				
4:20:47	37.0																										775564	115	726530	121	637175	106	747524	105	428472	82	494097	108	471899	92	821236	98	530	91	761854						117	96	107	101	109	102	90	111	97	101	90	113	107	100	106	102	94	104	98						802234	105	751002	105	620075	108	752445	101	418875	82	550595	97	486163	96	835657	87	87	87	764649						121	113	101	107	115	95	110	112	103	92	89	78	97	88	97	97	100	101	88						769662	109	764772	104	615782	106	729793	104	483322	93	734475	95	559870	101	738104	93	97	108	757723																																																																																																																																																																																																																																																				
4:25:47	37.1																										779099	107	730200	114	637669	108	753400	111	429141	90	498108	96	471720	93	823264	103	548	89	760351						111	111	109	102	95	92	121	113	91	94	101	101	113	94	97	99	94	105	97						804936	99	751682	105	621159	104	753236	100	420952	78	550869	97	485341	86	837958	93	109	91	765001						104	116	111	97	104	99	99	92	94	93	103	100	103	102	103	94	108	103	91						765997	107	764711	95	616622	96	727435	98	481627	91	734022	98	561995	92	736416	100	83	100	761513																																																																																																																																																																																																																																																				
4:30:47	37.1																										776660	114	726683	100	635162	103	749450	104	427056	97	493126	94	473884	94	817547	89	519	104	758664						111	111	109	123	104	94	98	106	108	87	82	89	78	94	104	100	91	103	112						802701	101	749838	111	618197	116	751604	95	421145	94	547667	92	485288	101	836036	102	82	117	762702						100	117	119	116	113	103	97	107	105	103	96	108	103	89	87	90	93	100	125						764860	109	760980	93	614926	103	726735	99	477766	86	732665	107	559530	92	736436	105	93	94	758317																																																																																																																																																																																																																																																				
4:35:47	37.0																										774418	126	726373	113	630698	101	747387	104	425259	103	492535	114	469770	88	818491	98	547	105	758767						109	114	96	92	113	111	116	101	88	89	93	104	94	91	89	91	98	108	103						803995	121	749206	87	620994	115	752960	94	419173	91	551737	84	485636	100	837007	90	99	89	761025						107	101	106	98	108	106	93	99	105	100	102	111	96	79	108	105	98	112	94						768369	98	765919	94	611460	101	731568	88	478312	100	737388	97	564423	96	735714	88	98	91	760062																																																																																																																																																																																																																																																				
4:40:47	36.9																										776842	115	726450	123	635532	101	750388	109	425195	111	492095	97	473100	106	820303	83	575	90	756646						119	99	102	114	105	109	91	103	88	85	104	100	108	100	109	88	97	107	96						800342	106	747509	110	618719	106	755762	106	419294	97	552301	96	485437	94	837807	87	110	97	761824						102	109	99	97	105	104	99	82	107	93	97	81	84	88	95	92	97	105	107						763531	101	763475	107	613460	120	726749	111	481058	103	730712	97	562661	99	736670	103	96	90	758940																																																																																																																																																																																																																																																				
4:45:47	37.0																										779037	99	732030	123	641412	99	752318	101	428658	90	493473	94	473823	91	823211	104	597	92	759762						116	110	120	91	109	102	113	115	102	107	88	107	104	106	99	98	96	109	89						804377	102	753072	98	622457	114	756395	98	421889	98	552451	96	487287	95	843002	97	90	99	764175						107	111	112	120	114	100	103	109	106	86	92	104	105	93	85	96	99	93	87						770007	98	769548	96	616912	100	733256	98	482431	89	734476	99	562423	91	740883	99	100	103	761133																																																																																																																																																																																																																																																				
4:50:47	37.0																										778043	114	728260	111	638243	99	749048	91	427287	91	493060	99	471964	107	825048	93	604	103	762350						110	99	111	91	91	105	108	110	94	86	105	100	112	92	107	98	86	109	104						803790	101	749902	110	619409	109	756062	98	418412	96	552084	93	487355	110	838621	100	96	113	759880						95	95	109	82	110	87	101	104	108	94	95	95	87	86	107	108	85	103	108						763855	88	765804	100	613523	97	729943	100	479137	104	733185	102	565103	103	734971	105	110	99	753647																																																																																																																																																																																																																																																				
4:55:47	37.0																										776603	117	728778	117	635873	108	751831	108	429158	93	496056	97	472430	93	820584	93	605	99	754729						105	110	105	107	128	90	111	110	95	102	98	79	113	111	107	120	93	98	97						804097	109	753377	102	622002	92	753912	102	419711	98	551771	85	489385	101	839149	96	104	94	762901						108	96	98	106	113	99	108	97	111	93	91	108	102	99	92	82	105	97	114						766221	105	767648	97	619211	92	728336	96	478965	94	734793	100	563609	98	736901	101	101	88	763625																																																																																																																																																																																																																																																				
5:00:47	37.0																										774471	99	727699	118	634194	100	749523	107	427874	98	490330	100	471243	103	819435	102	637	103	754896						106	107	92	108	109	82	98	105	114	97	91	92	85	91	116	112	86	100	99						801875	112	747903	98	618160	109	752293	105	422139	102	549756	96	483380	104	835143	92	92	88	758448						104	111	110	106	110	119	103	110	93	100	106	96	95	94	77	103	110	103	99						764435	100	764391	110	617401	93	725500	106	476506	90	730760	102	561066	94	732814	104	95	89	758439																																																																																																																																																																																																																																																				
5:05:47	37.1																										774904	118	727865	109	637705	100	750885	108	427501	110	493154	113	473331	87	817930	97	612	79	760189						96	107	106	93	99	92	99	111	103	109	87	89	90	96	109	111	101	96	91						803306	106	748895	108	620993	115	756615	105	419910	97	550414	97	485914	90	832027	109	90	83	759390						95	105	117	90	119	98	89	102	86	86	86	84	93	99	88	107	105	94	109						764016	110	765539	109	616917	99	729369	93	479428	93	732021	96	559035	94	732780	110	103	103	760091																																																																																																																																																																																																																																																				
5:10:47	37.0																										775464	111	729337	109	635110	102	748887	97	426837	96	492371	106	473266	104	819991	102	637	84	756990						104	101	108	96	112	118	87	96	98	91	88	97	86	87	107	88	81	103	100						805464	107	749413	110	619849	87	748465	94	418172	93	549837	103	483337	104	832042	96	88	85	760386						119	110	110	100	96	89	103	97	106	95	94	93	99	83	95	97	99	83	102						765627	119	766070	107	617875	111	731069	93	481776	85	732651	86	561739	89	737477	97	119	104	763401																																																																																																																																																																																																																																																				
5:15:47	37.0																										775960	111	729438	100	630564	97	749348	94	426520	99	493023	84	470806	112	817044	102	644	103	758568						109	107	113	98	102	95	121	90	100	102	91	92	93	101	105	97	96	113	102						802248	111	750197	94	620287	92	751128	100	417158	82	549858	87	485118	100	834115	103	90	81	760446						99	103	106	87	109	123	101	109	98	100	95	94	114	104	108	101	95	110	84						768385	104	765683	95	614676	111	727725	102	480220	95	731980	100	560447	92	732731	109	106	98	756467																																																																																																																																																																																																																																																				
5:20:47	37.0																										777420	107	724050	121	632185	116	747512	99	425823	95	490354	101	474814	96	814956	97	628	95	756672						109	111	87	93	105	93	109	98	85	92	97	105	104	94	96	105	110	101	103						805166	126	749594	106	618328	88	751991	101	419370	102	548815	107	482207	98	833184	101	84	100	758630						115	110	106	94	101	97	97	107	99	86	99	97	102	99	105	112	100	93	106						765511	114	766813	112	619383	91	727494	107	476773	104	730523	95	561898	97	737919	102	95	108	759078																																																																																																																																																																																																																																																				
5:25:47	37.0																										779474	111	726160	120	634264	95	751532	97	427195	102	491480	113	471365	103	819391	95	631	88	753088						110	103	92	109	101	112	101	100	103	82	100	103	98	98	96	88	91	97	115						803079	106	751351	99	618673	106	752025	113	416752	106	548233	91	482119	116	833769	91	102	88	756978						97	113	106	96	114	106	123	92	110	105	90	98	96	102	100	103	90	108	93						765505	99	761405	99	616084	109	726904	99	476446	85	729881	102	560984	91	732847	93	99	111	756897																																																																																																																																																																																																																																																				
5:30:47	37.1																										776314	107	724263	109	633791	92	746143	95	426643	95	490160	100	467255	104	810094	90	682	92	756296						110	105	101	104	93	111	106	95	89	99	98	91	98	85	98	91	92	98	99						802410	111	752268	103	616551	105	750210	96	418453	97	549667	110	483468	99	832648	92	92	105	760673						114	93	98	87	108	107	102	89	98	95	95	110	94	102	95	106	86	94	102						766819	117	760718	105	613264	93	724406	106	477254	96	730047	77	560352	100	734004	98	85	107	756927																																																																																																																																																																																																																																																				
5:35:47	37.1																										777892	98	728519	119	636822	106	749095	100	425010	77	490482	87	471521	100	817807	104	642	102	754903						101	107	88	84	109	102	109	112	87	83	106	102	108	103	102	94	96	98	97						803365	117	750887	106	620943	110	750352	105	422079	90	548088	80	483493	109	834923	84	100	91	761464						102	104	110	84	101	100	102	107	93	86	90	109	86	94	95	100	94	95	112						769305	101	763073	111	613162	92	726714	110	478808	95	731370	101	559787	98	734250	89	101	88	755942																																																																																																																																																																																																																																																				
5:40:47	37.0																										777875	113	727278	112	635645	101	749462	100	427984	97	490823	95	469973	103	817479	100	663	102	758565						105	133	118	117	116	108	84	101	85	92	93	90	111	86	100	101	92	95	104						802361	107	750004	111	617043	107	750335	97	420238	88	550410	93	484701	99	832228	112	102	105	762106						115	105	119	105	110	119	97	101	104	89	93	97	114	88	119	101	84	96	96						767936	100	764641	95	614237	105	729626	100	477406	95	732814	95	561113	115	732543	102	106	95	754491																																																																																																																																																																																																																																																				
5:45:47	37.0																										773906	104	724220	112	631640	100	744634	88	426852	94	491096	86	467709	88	813123	90	703	91	754391						107	100	101	97	112	116	103	108	99	95	106	93	98	84	98	114	98	112	82						801405	107	748190	92	616168	110	752527	116	419817	99	549030	91	484764	100	832073	86	96	85	758158						103	111	116	101	104	91	97	108	99	99	90	99	98	90	95	102	103	86	115						764361	108	762380	99	611456	98	725953	120	477642	103	730226	105	559591	104	731001	85	91	101	755195																																																																																																																																																																																																																																																				
5:50:47	37.0																										778961	92	725630	121	633272	88	748433	93	426370	81	493493	90	471529	99	820206	97	676	101	760070						105	101	100	95	102	95	101	119	107	97	89	96	117	100	85	116	90	103	103						801628	112	749713	101	619108	94	753408	110	421580	82	549843	83	485872	95	837602	92	95	95	764363						109	113	114	102	119	105	93	109	92	97	91	85	98	81	106	94	92	95	92						763716	101	763529	90	616563	114	727287	100	479412	84	727970	80	562791	100	734913	78	100	92	760167																																																																																																																																																																																																																																																				
5:55:47	37.0																										776248	113	722480	110	633002	103	745432	89	426070	85	489692	92	472744	111	819590	102	696	87	754977						97	93	95	81	121	112	97	109	95	103	98	116	80	105	103	104	96	85	93						802143	109	748292	98	618350	120	750357	101	418045	94	548279	94	484671	101	829912	95	95	102	762053						105	113	101	88	107	82	104	107	90	107	83	101	103	88	88	109	109	98	89						765483	101	759824	99	614604	99	726936	109	479504	94	729800	96	562788	100	730639	97	92	90	756800																																																																																																																																																																																																																																																				
6:00:47	37.1																										775012	100	726840	107	633227	97	747039	108	422646	102	490943	89	471286	108	814283	107	734	88	755029						108	97	96	94	97	108	98	115	98	99	102	83	92	93	88	110	105	102	99						802177	96	747687	91	620723	97	747817	116	419439	101	547923	102	481580	95	831557	105	89	104	760996						100	104	107	104	111	86	101	99	103	95	94	108	104	89	85	87	98	103	104						762345	102	762126	105	613321	102	726598	101	478686	96	730585	92	563518	103	736439	106	77	96	756701																																																																																																																																																																																																																																																				

